"postcode","huisnummer","huisletter","toevoeging"
"3896LA",3,"K","W1"
"3896LA",3,"Z","W9"
"3896LA",3,"S","P3"
"3896LA",3,"D","A6"
"3896LA",3,"K","W3"
"3896LA",3,"Z","W6"
"3896LA",3,"S","P4"
"3896LA",3,"A","D19"
"3896LA",3,"A","D18"
"3896LA",3,"K","O4"
"3896LA",3,"S","P5"
"3896LA",3,"Z","W8"
"3896LA",3,"D","A1"
"3896LA",3,"K","W10"
"3896LA",3,"R","G19"
"3896LA",3,"S","P1"
"3896LA",3,"H","A4"
"3896LA",3,"H","E1"
"3896LA",3,"A","D15"
"3896LA",3,"A","D12"
"3896LA",3,"A","D13"
"3896LA",3,"L","I6"
"3896LA",3,"S","P2"
"3896LA",3,"K","O5"
"3896LA",3,"R","E9"
"3896LA",3,"Z","W7"
"3896LA",5,"",""
"3896LA",3,"V","A1"
"3896LA",3,"S","W7"
"3896LA",3,"H","E5"
"3896LA",3,"A","D17"
"3896LA",3,"K","68"
"3896LA",3,"A","D41"
"3896LA",3,"A","D38"
"3896LA",3,"A","D41"
"3896LA",3,"E","E16"
"3896LA",3,"K","I9"
"3896LA",3,"K","I39"
"3896LA",3,"H","E11"
"3896LA",9,"",""
"3896LA",3,"H","A5"
"3896LA",3,"L","I1"
"3896LA",3,"S","W6"
"3896LA",3,"K","101"
"3896LA",3,"K","69"
"3896LA",3,"K","65"
"3896LA",3,"A","D37"
"3896LA",3,"V","I10"
"3896LA",3,"M","E3"
"3896LA",3,"K","W4"
"3896LA",3,"K","I8"
"3896LA",13,"",""
"3896LA",3,"D","A5"
"3896LA",3,"L","I5"
"3896LA",3,"E","E15"
"3896LA",3,"S","W8"
"3896LA",3,"K","7"
"3896LA",3,"K","80"
"3896LA",3,"K","76"
"3896LA",3,"K","75"
"3896LA",3,"K","67"
"3896LA",3,"V","A3"
"3896LA",3,"L","I7"
"3896LA",3,"H","E7"
"3896LA",3,"K","I41"
"3896LA",3,"H","E15"
"3896LA",3,"A","D1A"
"3896LA",3,"A","D14"
"3896LA",3,"K","81"
"3896LA",3,"K","84"
"3896LA",3,"K","85"
"3896LA",3,"K","70"
"3896LA",3,"K","72"
"3896LA",3,"K","71"
"3896LA",3,"V","I11"
"3896LA",3,"O","O11"
"3896LA",3,"K","O6"
"3896LA",3,"R","G15"
"3896LA",3,"H","E2"
"3896LA",3,"K","I37"
"3896LA",3,"K","93"
"3896LA",3,"L","I3"
"3896LA",3,"S","W4"
"3896LA",3,"K","83"
"3896LA",3,"K","87"
"3896LA",3,"K","86"
"3896LA",3,"V","V52"
"3896LA",3,"M","E20"
"3896LA",3,"E","E7"
"3896LA",3,"V","A10"
"3896LA",3,"A","D1B"
"3896LA",3,"K","104"
"3896LA",3,"R","G17"
"3896LA",3,"H","E3"
"3896LA",3,"L","I10"
"3896LA",3,"K","89"
"3896LA",3,"H","A12"
"3896LA",3,"H","A13"
"3896LA",3,"K","90"
"3896LA",3,"K","79"
"3896LA",3,"K","77"
"3896LA",3,"K","36"
"3896LA",3,"A","D43"
"3896LA",3,"K","O3"
"3896LA",3,"K","I30"
"3896LA",3,"S","P6"
"3896LA",3,"R","G3"
"3896LA",3,"K","94"
"3896LA",3,"L","I4"
"3896LA",3,"K","92"
"3896LA",3,"E","E14"
"3896LA",3,"K","82"
"3896LA",3,"K","9"
"3896LA",3,"V","V53"
"3896LA",3,"V","A6"
"3896LA",3,"E","E9"
"3896LA",3,"E","E13"
"3896LA",3,"M","U6"
"3896LA",3,"R","G4"
"3896LA",3,"A","D16"
"3896LA",3,"R","G2"
"3896LA",3,"R","G19"
"3896LA",3,"Z","W3"
"3896LA",15,"",""
"3896LA",3,"H","E6"
"3896LA",3,"V","V55"
"3896LA",3,"G","R7"
"3896LA",3,"E","K1"
"3896LA",3,"M","E11"
"3896LA",3,"D","A4"
"3896LA",3,"D","A2"
"3896LA",3,"M","U8"
"3896LA",3,"Z","W4"
"3896LA",3,"Z","W5"
"3896LA",3,"H","E8"
"3896LA",3,"K","103"
"3896LA",3,"M","U7"
"3896LA",3,"R","G1"
"3896LA",3,"O","O12"
"3896LA",3,"L","I8"
"3896LA",3,"V","I2"
"3896LA",3,"K","39"
"3896LA",3,"A","D40"
"3896LA",3,"E","E8"
"3896LA",3,"K","O1"
"3896LA",3,"M","U2"
"3896LA",3,"K","100"
"3896LA",3,"B","U2"
"3896LA",3,"H","E13"
"3896LA",3,"R","G12"
"3896LA",3,"M","U4"
"3896LA",3,"H","E13"
"3896LA",3,"H","A11"
"3896LA",3,"H","A1"
"3896LA",3,"M","E13"
"3896LA",3,"K","34"
"3896LA",3,"K","W2"
"3896LA",3,"M","U5"
"3896LA",3,"R","G14"
"3896LA",3,"H","A8"
"3896LA",3,"A","D44"
"3896LA",3,"A","D42"
"3896LA",3,"A","D39"
"3896LA",3,"Z","W20"
"3896LA",3,"M","E9"
"3896LA",3,"M","U3"
"3896LA",3,"G","R9"
"3896LA",3,"V","I1"
"3896LA",3,"M","E14"
"3896LA",3,"K","35"
"3896LA",3,"K","I5"
"3896LA",3,"M","E4"
"3896LA",3,"M","U10"
"3896LA",3,"K","I33"
"3896LA",3,"R","G20"
"3896LA",3,"A","R7"
"3896LA",3,"E","E3"
"3896LA",3,"Z","W19"
"3896LA",3,"H","A15"
"3896LA",3,"E","K7"
"3896LA",3,"H","A10"
"3896LA",3,"E","G1"
"3896LA",3,"A","D30"
"3896LA",3,"K","42"
"3896LA",3,"B","U6"
"3896LA",3,"H","E14"
"3896LA",3,"E","E5"
"3896LA",3,"E","E4"
"3896LA",3,"V","A15"
"3896LA",3,"H","E12"
"3896LA",3,"E","E24"
"3896LA",3,"V","V56"
"3896LA",3,"V","V54"
"3896LA",3,"A","R32"
"3896LA",3,"E","E6"
"3896LA",3,"M","E12"
"3896LA",3,"K","O2"
"3896LA",3,"V","A5"
"3896LA",3,"K","38"
"3896LA",3,"H","A9"
"3896LA",3,"R","G6"
"3896LA",3,"B","U3"
"3896LA",3,"V","A4"
"3896LA",3,"K","I1"
"3896LA",3,"K","99"
"3896LA",3,"M","E6"
"3896LA",3,"M","E7"
"3896LA",3,"E","K2"
"3896LA",3,"V","A8"
"3896LA",3,"A","D29"
"3896LA",3,"B","U9"
"3896LA",3,"K","I34"
"3896LA",3,"V","A2"
"3896LA",3,"K","33"
"3896LA",3,"R","G8"
"3896LA",3,"A","R8"
"3896LA",3,"A","R6"
"3896LA",3,"Z","W10"
"3896LA",3,"K","95"
"3896LA",3,"G","R8"
"3896LA",3,"M","E16"
"3896LA",3,"V","A9"
"3896LA",3,"K","31"
"3896LA",3,"K","41"
"3896LA",3,"E","E25"
"3896LA",3,"A","R9"
"3896LA",7,"",""
"3896LA",3,"K","30"
"3896LA",3,"B","U4"
"3896LA",3,"K","I29"
"3896LA",3,"K","W9"
"3896LA",3,"Z","W18"
"3896LA",3,"A","D41"
"3896LA",3,"K","63"
"3896LA",3,"A","D33"
"3896LA",3,"A","D28"
"3896LA",3,"V","A14"
"3896LA",3,"R","G9"
"3896LA",3,"K","40"
"3896LA",3,"K","4"
"3896LA",3,"R","G7"
"3896LA",3,"R","G10"
"3896LA",3,"L","E1"
"3896LA",3,"H","A6"
"3896LA",3,"K","I13"
"3896LA",3,"K","I17"
"3896LA",3,"M","U1"
"3896LA",3,"A","D11"
"3896LA",3,"M","E17"
"3896LA",3,"A","D3"
"3896LA",3,"B","U8"
"3896LA",3,"R","G5"
"3896LA",3,"R","G18"
"3896LA",3,"B","U5"
"3896LA",3,"H","A7"
"3896LA",3,"Z","W13"
"3896LA",3,"E","E17"
"3896LA",3,"Z","W1"
"3896LA",3,"A","D1"
"3896LA",3,"R","E5"
"3896LA",3,"M","E15"
"3896LA",3,"M","E2"
"3896LA",3,"M","E19"
"3896LA",3,"A","D25"
"3896LA",3,"R","G16"
"3896LA",3,"B","U1"
"3896LA",3,"H","E9"
"3896LA",3,"L","I9"
"3896LA",3,"K","1"
"3896LA",3,"Z","W15"
"3896LA",3,"K","W8"
"3896LA",3,"A","D10"
"3896LA",3,"S","W3"
"3896LA",3,"V","I3"
"3896LA",3,"A","D31"
"3896LA",3,"A","D2"
"3896LA",3,"A","D26"
"3896LA",3,"M","U9"
"3896LA",3,"B","U7"
"3896LA",3,"B","U11"
"3896LA",3,"K","I32"
"3896LA",3,"Z","W2"
"3896LA",3,"A","D55"
"3896LA",3,"W","I1"
"3896LA",3,"K","W7"
"3896LA",3,"H","A14"
"3896LA",3,"A","R34"
"3896LA",3,"E","K4"
"3896LA",3,"K","57"
"3896LA",3,"O","O1"
"3896LA",3,"K","6"
"3896LA",3,"E","K5"
"3896LA",3,"A","D4"
"3896LA",3,"A","L4"
"3896LA",3,"A","L5"
"3896LA",3,"K","I26"
"3896LA",3,"O","O8"
"3896LA",3,"H","A2"
"3896LA",3,"K","I18"
"3896LA",3,"K","91"
"3896LA",3,"E","E23"
"3896LA",3,"V","I4"
"3896LA",3,"K","60"
"3896LA",3,"M","E5"
"3896LA",3,"S","W2"
"3896LA",3,"K","I3"
"3896LA",3,"K","I27"
"3896LA",3,"B","U10"
"3896LA",3,"A","L3"
"3896LA",3,"Z","W16"
"3896LA",3,"A","D22"
"3896LA",3,"A","D23"
"3896LA",3,"E","E12"
"3896LA",3,"R","E3"
"3896LA",3,"V","O3"
"3896LA",3,"M","E8"
"3896LA",2,"",""
"3896LA",3,"E","E10"
"3896LA",3,"D","A10"
"3896LA",3,"L","E3"
"3896LA",3,"K","44"
"3896LA",3,"R","G11"
"3896LA",3,"A","D50"
"3896LA",3,"Z","W11"
"3896LA",3,"K","I11"
"3896LA",3,"H","E8"
"3896LA",3,"K","10"
"3896LA",3,"A","D32"
"3896LA",3,"G","A4"
"3896LA",3,"A","D27"
"3896LA",3,"G","R10"
"3896LA",3,"D","A7"
"3896LA",1,"",""
"3896LA",1,"a",""
"3896LA",3,"E","K6"
"3896LA",3,"Z","W14"
"3896LA",3,"A","D51"
"3896LA",3,"K","111"
"3896LA",3,"S","W5"
"3896LA",3,"K","I15"
"3896LA",3,"H","A16"
"3896LA",3,"V","O2"
"3896LA",3,"K","I22"
"3896LA",3,"D","A9"
"3896LA",3,"K","W5"
"3896LA",3,"R","E1"
"3896LA",3,"S","W18"
"3896LA",3,"L","E1"
"3896LA",3,"A","D47"
"3896LA",3,"Z","W17"
"3896LA",3,"H","A3"
"3896LA",3,"V","A11"
"3896LA",3,"E","E18"
"3896LA",3,"L","E2"
"3896LA",3,"S","W10"
"3896LA",3,"K","107"
"3896LA",3,"S","W1"
"3896LA",3,"G","R2"
"3896LA",3,"K","29"
"3896LA",3,"S","W20"
"3896LA",3,"A","R30"
"3896LA",3,"R","G13"
"3896LA",3,"A","D8"
"3896LA",3,"A","D53"
"3896LA",3,"K","I10"
"3896LA",3,"K","I21"
"3896LA",3,"S","W19"
"3896LA",3,"K","W6"
"3896LA",3,"S","W15"
"3896LA",3,"A","R12"
"3896LA",3,"A","D20"
"3896LA",3,"G","R1"
"3896LA",3,"K","3"
"3896LA",3,"S","W11"
"3896LA",3,"E","K3"
"3896LA",3,"A","R4"
"3896LA",3,"K","I23"
"3896LA",3,"A","D5"
"3896LA",3,"O","O9"
"3896LA",3,"A","R10"
"3896LA",3,"R","E6"
"3896LA",3,"A","L7"
"3896LA",3,"A","R33"
"3896LA",3,"R","E7"
"3896LA",3,"K","102"
"3896LA",3,"K","18"
"3896LA",3,"K","28"
"3896LA",3,"D","A8"
"3896LA",3,"O","O10"
"3896LA",3,"A","D49"
"3896LA",3,"K","I14"
"3896LA",3,"A","R5"
"3896LA",3,"S","W22"
"3896LA",3,"K","109"
"3896LA",3,"S","W21"
"3896LA",3,"A","D54"
"3896LA",3,"K","110"
"3896LA",3,"R","E4"
"3896LA",3,"K","59"
"3896LA",3,"K","2"
"3896LA",3,"R","E2"
"3896LA",1,"F",""
"3896LA",3,"E","E1"
"3896LA",3,"A","L2"
"3896LA",3,"V","L9"
"3896LA",3,"G","A19"
"3896LA",3,"R","E10"
"3896LA",3,"O","O6"
"3896LA",3,"G","R4"
"3896LA",3,"R","E8"
"3896LA",3,"V","L1"
"3896LA",3,"G","A2"
"3896LA",3,"G","A15"
"3896LA",3,"A","R24"
"3896LA",3,"A","R21"
"3896LA",3,"K","45"
"3896LA",3,"K","I25"
"3896LA",3,"K","I20"
"3896LA",3,"",""
"3896LA",3,"G","A18"
"3896LA",3,"S","W12"
"3896LA",3,"A","L1"
"3896LA",3,"G","A16"
"3896LA",3,"V","V50"
"3896LA",3,"K","62"
"3896LA",3,"K","64"
"3896LA",3,"M","E1"
"3896LA",3,"P","U7"
"3896LA",3,"E","E11"
"3896LA",3,"K","43"
"3896LA",3,"A","D46"
"3896LA",3,"A","D52"
"3896LA",3,"S","W3"
"3896LA",3,"O","O4"
"3896LA",3,"A","R31"
"3896LA",3,"G","A5"
"3896LA",3,"V","L4"
"3896LA",3,"O","O5"
"3896LA",3,"G","A17"
"3896LA",3,"A","R1"
"3896LA",3,"K","24"
"3896LA",3,"P","U9"
"3896LA",3,"S","W18"
"3896LA",1,"A",""
"3896LA",3,"K","I24"
"3896LA",3,"A","D9"
"3896LA",3,"S","W13"
"3896LA",3,"F","A2"
"3896LA",3,"O","O3"
"3896LA",3,"V","O4"
"3896LA",3,"G","R5"
"3896LA",3,"K","61"
"3896LA",3,"O","O7"
"3896LA",3,"A","D24"
"3896LA",3,"P","U8"
"3896LA",3,"A","R22"
"3896LA",3,"A","R3"
"3896LA",3,"S","W16"
"3896LA",3,"L","E4"
"3896LA",3,"P","U6"
"3896LA",3,"S","W14"
"3896LA",3,"G","R6"
"3896LA",3,"V","I5"
"3896LA",3,"O","O2"
"3896LA",3,"A","D48"
"3896LA",3,"V","O5"
"3896LA",3,"V","L12"
"3896LA",3,"K","14"
"3896LA",3,"A","R27"
"3896LA",3,"P","U5"
"3896LA",3,"G","R3"
"3896LA",3,"S","W17"
"3896LA",3,"P","U2"
"3896LA",3,"G","A6"
"3896LA",3,"R","E10"
"3896LA",3,"V","V49"
"3896LA",3,"V","O9"
"3896LA",3,"P","U12"
"3896LA",3,"V","L5"
"3896LA",3,"V","L2"
"3896LA",3,"V","A12"
"3896LA",3,"K","22"
"3896LA",3,"A","R29"
"3896LA",3,"A","R18"
"3896LA",3,"A","R26"
"3896LA",3,"E","E22"
"3896LA",3,"A","R25"
"3896LA",3,"A","R23"
"3896LA",3,"P","U4"
"3896LA",3,"P","U16"
"3896LA",3,"V","V48"
"3896LA",3,"V","O6"
"3896LA",3,"V","O7"
"3896LA",3,"G","A11"
"3896LA",3,"K","12"
"3896LA",3,"K","17"
"3896LA",3,"K","27"
"3896LA",3,"A","R28"
"3896LA",3,"K","13"
"3896LA",3,"V","A13"
"3896LA",3,"E","E20"
"3896LA",3,"P","U19"
"3896LA",3,"V","O10"
"3896LA",3,"P","U3"
"3896LA",3,"F","A4"
"3896LA",3,"V","L8"
"3896LA",3,"F","L2"
"3896LA",3,"K","106"
"3896LA",3,"K","15"
"3896LA",3,"E","E2"
"3896LA",3,"E","E21"
"3896LA",3,"P","U10"
"3896LA",3,"P","U11"
"3896LA",3,"G","A3"
"3896LA",3,"K","16"
"3896LA",3,"A","R17"
"3896LA",3,"M","E10"
"3896LA",3,"K","23"
"3896LA",3,"G","A7"
"3896LA",3,"G","A9"
"3896LA",3,"V","L11"
"3896LA",3,"A","R11"
"3896LA",3,"K","112"
"3896LA",3,"K","21"
"3896LA",3,"F","A3"
"3896LA",3,"G","A10"
"3896LA",3,"K","19"
"3896LA",3,"K","20"
"3896LA",3,"A","R13"
"3896LA",3,"G","A22"
"3896LA",3,"P","U18"
"3896LA",3,"A","R14"
"3896LA",3,"A","D45"
"3896LA",3,"V","L6"
"3896LA",3,"G","A12"
"3896LA",3,"F","L1"
"3896LA",3,"A","L8"
"3896LA",3,"G","A14"
"3896LA",3,"V","L14"
"3896LA",3,"K","52"
"3896LA",3,"K","105"
"3896LA",3,"P","U1"
"3896LA",3,"V","I8"
"3896LA",3,"P","U15"
"3896LA",3,"A","R15"
"3896LA",3,"V","O8"
"3896LA",3,"G","A8"
"3896LA",3,"K","47"
"3896LA",3,"V","I9"
"3896LA",3,"V","I6"
"3896LA",3,"F","L3"
"3896LA",3,"V","I7"
"3896LA",3,"G","A1"
"3896LA",3,"G","A13"
"3896LA",3,"A","R16"
"3896LA",3,"K","5"
"3896LA",3,"G","A21"
"3896LA",3,"P","U20"
"3896LA",3,"K","49"
"3896LA",3,"F","A1"
"3896LA",3,"P","U13"
"3896LA",3,"K","55"
"3896LA",3,"V","O1"
"3896LA",3,"K","51"
"3896LA",3,"P","U17"
"3896LA",3,"V","L10"
"3896LA",3,"K","54"
"3896LA",3,"A","R20"
"3896LA",3,"K","26"
"3896LA",3,"K","56"
"3896LA",3,"A","R2"
"3896LA",3,"G","A20"
"3896LA",3,"A","R19"
"3896LA",3,"K","50"
"3896LA",3,"P","U14"
"3896LA",3,"K","53"
"3896LB",79,"","624"
"3896LB",79,"","626"
"3896LB",79,"","143"
"3896LB",79,"","516"
"3896LB",79,"","518"
"3896LB",79,"","141"
"3896LB",79,"","621"
"3896LB",79,"","712"
"3896LB",79,"","141"
"3896LB",79,"","103"
"3896LB",79,"","712"
"3896LB",79,"","143"
"3896LB",79,"","624"
"3896LB",79,"","518"
"3896LB",79,"","579"
"3896LB",79,"","132"
"3896LB",79,"","508"
"3896LB",79,"","714"
"3896LB",79,"B",""
"3896LB",79,"","582"
"3896LB",79,"","638"
"3896LB",79,"","582"
"3896LB",79,"","625"
"3896LB",79,"","58"
"3896LB",79,"","676"
"3896LB",79,"","517"
"3896LB",79,"A","547"
"3896LB",79,"","713"
"3896LB",79,"","706"
"3896LB",79,"","620"
"3896LB",79,"","714"
"3896LB",79,"","684"
"3896LB",79,"","527"
"3896LB",79,"","719"
"3896LB",79,"","628"
"3896LB",79,"","161"
"3896LB",79,"","673"
"3896LB",79,"","312"
"3896LB",79,"","163"
"3896LB",79,"","151"
"3896LB",79,"","517"
"3896LB",79,"","132"
"3896LB",79,"","103"
"3896LB",79,"","623"
"3896LB",79,"","101"
"3896LB",79,"","679"
"3896LB",79,"","720"
"3896LB",79,"C",""
"3896LB",79,"","681"
"3896LB",79,"","675"
"3896LB",79,"","677"
"3896LB",79,"","176"
"3896LB",79,"","713"
"3896LB",79,"","142"
"3896LB",79,"","625"
"3896LB",79,"","138"
"3896LB",79,"","509"
"3896LB",79,"","622"
"3896LB",79,"","621"
"3896LB",79,"","32"
"3896LB",79,"","157"
"3896LB",79,"","682"
"3896LB",79,"","678"
"3896LB",79,"","421"
"3896LB",79,"","587"
"3896LB",79,"","174"
"3896LB",79,"","515"
"3896LB",79,"","711"
"3896LB",79,"","142"
"3896LB",79,"","705"
"3896LB",79,"","623"
"3896LB",79,"","570"
"3896LB",79,"A",""
"3896LB",79,"","159"
"3896LB",79,"","678"
"3896LB",79,"","673"
"3896LB",79,"","32"
"3896LB",79,"","674"
"3896LB",79,"","312"
"3896LB",79,"","638"
"3896LB",79,"","527"
"3896LB",79,"","138"
"3896LB",79,"","627"
"3896LB",79,"","707"
"3896LB",79,"","622"
"3896LB",79,"","680"
"3896LB",79,"","614"
"3896LB",79,"","425"
"3896LB",79,"","420"
"3896LB",79,"","426"
"3896LB",79,"","679"
"3896LB",79,"","313"
"3896LB",79,"","516"
"3896LB",79,"","711"
"3896LB",79,"","543"
"3896LB",79,"","140"
"3896LB",79,"","140"
"3896LB",79,"","573"
"3896LB",79,"","572"
"3896LB",79,"","420"
"3896LB",79,"","525"
"3896LB",79,"","45"
"3896LB",79,"","715"
"3896LB",79,"","675"
"3896LB",79,"","598"
"3896LB",79,"","674"
"3896LB",79,"","541"
"3896LB",79,"","627"
"3896LB",79,"","626"
"3896LB",79,"G",""
"3896LB",79,"","708"
"3896LB",79,"","101"
"3896LB",79,"","680"
"3896LB",79,"","682"
"3896LB",79,"","526"
"3896LB",79,"","45"
"3896LB",79,"","423"
"3896LB",79,"","314"
"3896LB",79,"","588"
"3896LB",79,"","628"
"3896LB",79,"","596"
"3896LB",79,"","544"
"3896LB",79,"","514"
"3896LB",79,"","162"
"3896LB",79,"","629"
"3896LB",79,"A","547"
"3896LB",79,"C",""
"3896LB",79,"","630"
"3896LB",79,"F",""
"3896LB",79,"","162"
"3896LB",79,"","313"
"3896LB",79,"","591"
"3896LB",79,"","176"
"3896LB",79,"","576"
"3896LB",79,"","575"
"3896LB",79,"","59"
"3896LB",79,"","629"
"3896LB",79,"","510"
"3896LB",79,"","681"
"3896LB",79,"","637"
"3896LB",79,"","683"
"3896LB",79,"","526"
"3896LB",79,"","46"
"3896LB",79,"","424"
"3896LB",79,"","676"
"3896LB",79,"","649"
"3896LB",79,"","590"
"3896LB",79,"","590"
"3896LB",79,"","710"
"3896LB",79,"","587"
"3896LB",79,"","540"
"3896LB",79,"","571"
"3896LB",79,"",""
"3896LB",79,"","637"
"3896LB",79,"","649"
"3896LB",79,"","599"
"3896LB",79,"","60"
"3896LB",79,"","314"
"3896LB",79,"","311"
"3896LB",79,"","538"
"3896LB",79,"","577"
"3896LB",79,"","648"
"3896LB",79,"","513"
"3896LB",79,"","511"
"3896LB",79,"E",""
"3896LB",79,"","161"
"3896LB",79,"","573"
"3896LB",79,"","620"
"3896LB",79,"","46"
"3896LB",79,"","422"
"3896LB",79,"","593"
"3896LB",79,"","594"
"3896LB",79,"","588"
"3896LB",79,"","595"
"3896LB",79,"","511"
"3896LB",79,"","592"
"3896LB",79,"","586"
"3896LB",79,"","509"
"3896LB",79,"","708"
"3896LB",79,"","177"
"3896LB",79,"","542"
"3896LB",79,"","542"
"3896LB",79,"","541"
"3896LB",79,"","422"
"3896LB",79,"","592"
"3896LB",79,"","597"
"3896LB",79,"","59"
"3896LB",79,"","593"
"3896LB",79,"","512"
"3896LB",79,"","71"
"3896LB",79,"","543"
"3896LB",79,"","510"
"3896LB",79,"","508"
"3896LB",79,"","571"
"3896LB",79,"","683"
"3896LB",79,"","156"
"3896LB",79,"","545"
"3896LB",79,"","594"
"3896LB",79,"","598"
"3896LB",79,"","540"
"3896LB",79,"","578"
"3896LB",79,"","537"
"3896LB",79,"","595"
"3896LB",79,"","707"
"3896LB",79,"","533"
"3896LB",79,"","709"
"3896LB",79,"","503"
"3896LB",79,"","504"
"3896LB",79,"","586"
"3896LB",79,"","424"
"3896LB",79,"","156"
"3896LB",79,"","539"
"3896LB",79,"","597"
"3896LB",79,"","536"
"3896LB",79,"","515"
"3896LB",79,"","710"
"3896LB",79,"","648"
"3896LB",79,"","709"
"3896LB",79,"","570"
"3896LB",79,"","685"
"3896LB",79,"","616"
"3896LB",79,"","684"
"3896LB",79,"","688"
"3896LB",79,"","421"
"3896LB",79,"","65"
"3896LB",79,"","539"
"3896LB",79,"","591"
"3896LB",79,"","585"
"3896LB",79,"","577"
"3896LB",79,"","512"
"3896LB",79,"","506"
"3896LB",79,"","616"
"3896LB",79,"","617"
"3896LB",79,"","617"
"3896LB",79,"","615"
"3896LB",79,"","686"
"3896LB",79,"","599"
"3896LB",79,"","612"
"3896LB",79,"","715"
"3896LB",79,"","537"
"3896LB",79,"","596"
"3896LB",79,"","536"
"3896LB",79,"","169"
"3896LB",79,"","514"
"3896LB",79,"","572"
"3896LB",79,"","513"
"3896LB",79,"","618"
"3896LB",79,"","618"
"3896LB",79,"","426"
"3896LB",79,"","502"
"3896LB",79,"","175"
"3896LB",79,"","534"
"3896LB",79,"","534"
"3896LB",79,"","533"
"3896LB",79,"","519"
"3896LB",79,"","71"
"3896LB",79,"","585"
"3896LB",79,"","718"
"3896LB",79,"","718"
"3896LB",79,"","504"
"3896LB",79,"","687"
"3896LB",79,"","686"
"3896LB",79,"","157"
"3896LB",79,"","425"
"3896LB",79,"","178"
"3896LB",83,"",""
"3896LB",79,"","301"
"3896LB",79,"","651"
"3896LB",79,"","576"
"3896LB",79,"","651"
"3896LB",79,"","505"
"3896LB",79,"","578"
"3896LB",79,"","580"
"3896LB",79,"","503"
"3896LB",79,"","567"
"3896LB",79,"","581"
"3896LB",79,"","47"
"3896LB",79,"","677"
"3896LB",79,"","170"
"3896LB",79,"","650"
"3896LB",79,"","535"
"3896LB",79,"","174"
"3896LB",79,"","706"
"3896LB",79,"","507"
"3896LB",79,"","635"
"3896LB",79,"","575"
"3896LB",79,"","717"
"3896LB",79,"","701"
"3896LB",79,"","689"
"3896LB",79,"","687"
"3896LB",79,"","567"
"3896LB",79,"","175"
"3896LB",79,"","308"
"3896LB",79,"","315"
"3896LB",79,"D",""
"3896LB",79,"","305"
"3896LB",79,"","306"
"3896LB",79,"","574"
"3896LB",79,"","65"
"3896LB",79,"","619"
"3896LB",79,"","634"
"3896LB",79,"","615"
"3896LB",79,"","502"
"3896LB",79,"","614"
"3896LB",79,"","315"
"3896LB",79,"","672"
"3896LB",79,"","613"
"3896LB",79,"","532"
"3896LB",79,"","579"
"3896LB",79,"","580"
"3896LB",79,"","704"
"3896LB",79,"","506"
"3896LB",79,"","634"
"3896LB",79,"","70"
"3896LB",79,"","569"
"3896LB",79,"","702"
"3896LB",79,"","159"
"3896LB",79,"","612"
"3896LB",79,"","564"
"3896LB",79,"","716"
"3896LB",79,"","538"
"3896LB",79,"","532"
"3896LB",79,"","305"
"3896LB",79,"","58"
"3896LB",79,"","705"
"3896LB",79,"","574"
"3896LB",79,"F",""
"3896LB",79,"","525"
"3896LB",79,"","520"
"3896LB",79,"","73"
"3896LB",79,"","501"
"3896LB",79,"","423"
"3896LB",79,"","566"
"3896LB",79,"","565"
"3896LB",79,"","581"
"3896LB",79,"","520"
"3896LB",79,"","170"
"3896LB",79,"","563"
"3896LB",79,"","704"
"3896LB",79,"","507"
"3896LB",79,"","165"
"3896LB",79,"","703"
"3896LB",79,"","703"
"3896LB",79,"","47"
"3896LB",79,"","716"
"3896LB",79,"","632"
"3896LB",79,"","632"
"3896LB",79,"","565"
"3896LB",79,"","672"
"3896LB",79,"","304"
"3896LB",79,"","630"
"3896LB",79,"","523"
"3896LB",79,"","70"
"3896LB",79,"","685"
"3896LB",79,"","633"
"3896LB",79,"","631"
"3896LB",79,"","501"
"3896LB",79,"","688"
"3896LB",79,"","689"
"3896LB",79,"","613"
"3896LB",79,"","531"
"3896LB",79,"","643"
"3896LB",79,"","631"
"3896LB",79,"","530"
"3896LB",79,"","584"
"3896LB",79,"","562"
"3896LB",79,"","544"
"3896LB",79,"","568"
"3896LB",79,"","524"
"3896LB",79,"","522"
"3896LB",79,"","717"
"3896LB",79,"","151"
"3896LB",79,"","529"
"3896LB",79,"","563"
"3896LB",79,"","311"
"3896LB",79,"","67"
"3896LB",79,"","530"
"3896LB",79,"","644"
"3896LB",79,"","584"
"3896LB",79,"","505"
"3896LB",79,"","528"
"3896LB",79,"","633"
"3896LB",79,"","720"
"3896LB",79,"","636"
"3896LB",79,"","523"
"3896LB",79,"","568"
"3896LB",79,"","552"
"3896LB",79,"","165"
"3896LB",79,"","166"
"3896LB",79,"","535"
"3896LB",79,"","646"
"3896LB",79,"","645"
"3896LB",79,"","522"
"3896LB",79,"","73"
"3896LB",79,"","719"
"3896LB",79,"","583"
"3896LB",79,"","519"
"3896LB",79,"","548"
"3896LB",79,"","529"
"3896LB",79,"","61"
"3896LB",79,"","310"
"3896LB",79,"","303"
"3896LB",79,"","551"
"3896LB",79,"","647"
"3896LB",79,"","644"
"3896LB",79,"","560"
"3896LB",79,"","569"
"3896LB",79,"","603"
"3896LB",79,"","702"
"3896LB",79,"","701"
"3896LB",79,"","671"
"3896LB",79,"","566"
"3896LB",79,"","164"
"3896LB",79,"","605"
"3896LB",79,"","300"
"3896LB",79,"","306"
"3896LB",79,"","670"
"3896LB",79,"","164"
"3896LB",79,"","168"
"3896LB",79,"","555"
"3896LB",79,"","524"
"3896LB",79,"","545"
"3896LB",79,"","549"
"3896LB",79,"","650"
"3896LB",79,"","601"
"3896LB",79,"","610"
"3896LB",79,"","671"
"3896LB",79,"","302"
"3896LB",79,"","605"
"3896LB",79,"","29"
"3896LB",79,"","304"
"3896LB",79,"","643"
"3896LB",79,"","583"
"3896LB",79,"","619"
"3896LB",79,"","636"
"3896LB",79,"","611"
"3896LB",79,"","611"
"3896LB",79,"","556"
"3896LB",79,"","602"
"3896LB",79,"","558"
"3896LB",79,"","546"
"3896LB",79,"","303"
"3896LB",79,"","169"
"3896LB",79,"","603"
"3896LB",79,"","639"
"3896LB",79,"","609"
"3896LB",79,"","559"
"3896LB",79,"","602"
"3896LB",79,"","601"
"3896LB",79,"","561"
"3896LB",79,"","555"
"3896LB",79,"","554"
"3896LB",79,"","556"
"3896LB",79,"","553"
"3896LB",79,"","600"
"3896LB",79,"","549"
"3896LB",79,"","610"
"3896LB",79,"","64"
"3896LB",79,"","640"
"3896LB",79,"","645"
"3896LB",79,"","521"
"3896LB",79,"","521"
"3896LB",79,"","562"
"3896LB",79,"","310"
"3896LB",79,"","302"
"3896LB",79,"","557"
"3896LB",79,"","531"
"3896LB",79,"","670"
"3896LB",79,"","554"
"3896LB",79,"","600"
"3896LB",79,"","67"
"3896LB",79,"","550"
"3896LB",79,"","642"
"3896LB",79,"","635"
"3896LB",79,"","564"
"3896LB",79,"","168"
"3896LB",79,"","559"
"3896LB",79,"","558"
"3896LB",79,"","167"
"3896LB",79,"","557"
"3896LB",79,"","308"
"3896LB",79,"","178"
"3896LB",79,"","561"
"3896LB",79,"","548"
"3896LB",79,"","551"
"3896LB",79,"","552"
"3896LB",79,"","528"
"3896LB",79,"","61"
"3896LB",79,"","640"
"3896LB",79,"","607"
"3896LB",79,"","167"
"3896LB",79,"","669"
"3896LB",79,"","641"
"3896LB",79,"","560"
"3896LB",79,"","553"
"3896LB",79,"","647"
"3896LB",79,"","609"
"3896LB",79,"","547"
"3896LB",79,"","163"
"3896LB",79,"","641"
"3896LB",79,"","646"
"3896LB",79,"","550"
"3896LB",79,"","653"
"3896LB",79,"","642"
"3896LB",79,"","606"
"3896LB",79,"","607"
"3896LB",79,"","608"
"3896LB",79,"","309"
"3896LB",79,"","669"
"3896LB",79,"","30"
"3896LB",79,"","307"
"3896LB",79,"","30"
"3896LB",79,"","60"
"3896LB",79,"","608"
"3896LB",79,"","604"
"3896LB",79,"","653"
"3896LB",79,"","29"
"3896LB",79,"","64"
"3896LB",79,"","307"
"3896LB",79,"","654"
"3896LB",79,"","301"
"3896LB",79,"","652"
"3896LB",79,"","639"
"3896LB",79,"","177"
"3896LB",79,"","546"
"3896LB",79,"","547"
"3896LB",79,"","300"
"3896LB",79,"","604"
"3896LB",79,"","166"
"3896LB",79,"","309"
"3896LB",79,"","606"
"3896LB",79,"","652"
"3896LB",79,"","654"
"3896LC",3,"",""
"3896LC",1,"",""
"3896LC",4,"",""
"3896LC",6,"",""
"3896LC",2,"",""
"3896LD",1,"","301"
"3896LD",1,"","189"
"3896LD",1,"","618"
"3896LD",1,"","949"
"3896LD",1,"","189"
"3896LD",3,"E","1"
"3896LD",1,"","447"
"3896LD",1,"","189"
"3896LD",1,"","950"
"3896LD",1,"","433"
"3896LD",1,"","189"
"3896LD",1,"","455"
"3896LD",1,"","441"
"3896LD",1,"","749"
"3896LD",1,"","441A"
"3896LD",1,"","615"
"3896LD",1,"","936"
"3896LD",1,"","449"
"3896LD",1,"","444"
"3896LD",1,"","748"
"3896LD",1,"","171"
"3896LD",1,"","297"
"3896LD",1,"","937"
"3896LD",1,"","302"
"3896LD",1,"","440"
"3896LD",3,"C","9"
"3896LD",3,"E","1"
"3896LD",1,"","621"
"3896LD",1,"","934"
"3896LD",1,"","446"
"3896LD",1,"","445"
"3896LD",1,"","452"
"3896LD",1,"","436"
"3896LD",1,"","303"
"3896LD",1,"","752"
"3896LD",1,"","299"
"3896LD",1,"","617"
"3896LD",3,"C","7"
"3896LD",3,"C","9"
"3896LD",1,"","744"
"3896LD",1,"","200"
"3896LD",1,"","448"
"3896LD",1,"","454"
"3896LD",1,"","633"
"3896LD",1,"","632"
"3896LD",1,"","946"
"3896LD",1,"","434"
"3896LD",1,"","616"
"3896LD",1,"","754"
"3896LD",1,"","619"
"3896LD",3,"C","8"
"3896LD",1,"","292"
"3896LD",1,"","429"
"3896LD",3,"C","7"
"3896LD",1,"","948"
"3896LD",3,"E","1"
"3896LD",1,"","634"
"3896LD",1,"","635"
"3896LD",3,"D","7"
"3896LD",1,"","435"
"3896LD",1,"","438"
"3896LD",3,"D","12"
"3896LD",3,"C","9"
"3896LD",1,"","751"
"3896LD",1,"","432"
"3896LD",1,"","747"
"3896LD",1,"","743"
"3896LD",1,"","453"
"3896LD",1,"","450"
"3896LD",1,"","630"
"3896LD",1,"","443"
"3896LD",1,"","636"
"3896LD",1,"","442"
"3896LD",1,"","944"
"3896LD",1,"","623"
"3896LD",1,"","298"
"3896LD",1,"","430"
"3896LD",1,"","938"
"3896LD",11,"",""
"3896LD",1,"","745"
"3896LD",21,"",""
"3896LD",1,"","637"
"3896LD",1,"","518"
"3896LD",1,"","741"
"3896LD",3,"D","8"
"3896LD",1,"","753"
"3896LD",1,"","760"
"3896LD",1,"","625"
"3896LD",1,"","304"
"3896LD",1,"","935"
"3896LD",3,"D","1"
"3896LD",1,"","620"
"3896LD",1,"","294"
"3896LD",3,"C","7"
"3896LD",1,"","451"
"3896LD",50,"",""
"3896LD",1,"","947"
"3896LD",1,"","290"
"3896LD",1,"","208"
"3896LD",1,"","939"
"3896LD",1,"","759"
"3896LD",1,"","622"
"3896LD",3,"D","3"
"3896LD",1,"","172"
"3896LD",1,"","170"
"3896LD",1,"","513A"
"3896LD",1,"","517"
"3896LD",1,"","740"
"3896LD",1,"","507"
"3896LD",1,"","772"
"3896LD",1,"","628"
"3896LD",1,"","439"
"3896LD",1,"","555"
"3896LD",3,"D","11"
"3896LD",1,"","431"
"3896LD",1,"","757"
"3896LD",1,"","774"
"3896LD",27,"",""
"3896LD",3,"C","6"
"3896LD",1,"","293"
"3896LD",3,"C","8"
"3896LD",1,"","657"
"3896LD",1,"","291"
"3896LD",3,"E","13"
"3896LD",1,"","514"
"3896LD",3,"D","13"
"3896LD",1,"","549"
"3896LD",1,"","437"
"3896LD",1,"","626"
"3896LD",1,"","940"
"3896LD",3,"D","2"
"3896LD",1,"","932"
"3896LD",15,"Q",""
"3896LD",1,"","516"
"3896LD",1,"","512"
"3896LD",1,"","656"
"3896LD",1,"","945"
"3896LD",1,"","943"
"3896LD",1,"","771"
"3896LD",1,"","942"
"3896LD",3,"E","2"
"3896LD",1,"","314"
"3896LD",1,"","552"
"3896LD",1,"","773"
"3896LD",15,"N",""
"3896LD",1,"","409"
"3896LD",3,"E","13"
"3896LD",1,"","509"
"3896LD",1,"","650"
"3896LD",1,"","661"
"3896LD",1,"","369"
"3896LD",1,"","624"
"3896LD",3,"A","5"
"3896LD",1,"","174"
"3896LD",1,"","176"
"3896LD",1,"","297"
"3896LD",3,"D","10"
"3896LD",1,"","758"
"3896LD",1,"","933"
"3896LD",3,"E","2"
"3896LD",25,"",""
"3896LD",3,"E","12"
"3896LD",1,"","767"
"3896LD",1,"","188"
"3896LD",3,"A","1"
"3896LD",3,"D","4"
"3896LD",1,"","550"
"3896LD",1,"","977"
"3896LD",1,"","532"
"3896LD",3,"A","2"
"3896LD",1,"","296"
"3896LD",1,"","746"
"3896LD",1,"","207"
"3896LD",9,"",""
"3896LD",1,"","912"
"3896LD",1,"","407"
"3896LD",3,"E","13"
"3896LD",1,"","185"
"3896LD",1,"","402"
"3896LD",1,"","941"
"3896LD",3,"D","5"
"3896LD",1,"","169"
"3896LD",3,"C","8"
"3896LD",3,"A","4"
"3896LD",15,"G",""
"3896LD",1,"","750"
"3896LD",1,"","306"
"3896LD",1,"","288"
"3896LD",1,"","371"
"3896LD",3,"D","9"
"3896LD",1,"","209"
"3896LD",1,"","627"
"3896LD",1,"","118"
"3896LD",1,"","117"
"3896LD",1,"","364"
"3896LD",1,"","368"
"3896LD",1,"","177"
"3896LD",1,"","756"
"3896LD",1,"","742"
"3896LD",1,"","412"
"3896LD",1,"","952"
"3896LD",1,"","653"
"3896LD",1,"","902"
"3896LD",1,"","187"
"3896LD",1,"","764"
"3896LD",1,"","173"
"3896LD",1,"","181"
"3896LD",1,"","168"
"3896LD",1,"","178"
"3896LD",1,"","545"
"3896LD",1,"","295"
"3896LD",15,"A",""
"3896LD",1,"","768"
"3896LD",15,"E",""
"3896LD",1,"","726"
"3896LD",1,"","408"
"3896LD",1,"","903"
"3896LD",1,"","631"
"3896LD",1,"","115"
"3896LD",1,"","403"
"3896LD",1,"","533"
"3896LD",3,"G","3"
"3896LD",1,"","167"
"3896LD",1,"","547"
"3896LD",1,"","312"
"3896LD",15,"D",""
"3896LD",3,"E","2"
"3896LD",1,"","755"
"3896LD",3,"E","12"
"3896LD",1,"","906"
"3896LD",1,"","115A"
"3896LD",3,"D","6"
"3896LD",1,"","629"
"3896LD",1,"","180"
"3896LD",1,"","927"
"3896LD",1,"","225"
"3896LD",1,"","613"
"3896LD",1,"","739"
"3896LD",1,"","978"
"3896LD",1,"","960"
"3896LD",1,"","729"
"3896LD",1,"","722"
"3896LD",1,"","372"
"3896LD",1,"","122"
"3896LD",1,"","904"
"3896LD",1,"","119"
"3896LD",1,"","373"
"3896LD",1,"","366"
"3896LD",1,"","926"
"3896LD",1,"","976"
"3896LD",1,"","544"
"3896LD",3,"C","6"
"3896LD",3,"A","6"
"3896LD",1,"","769"
"3896LD",1,"","727"
"3896LD",1,"","721"
"3896LD",1,"","907"
"3896LD",1,"","183"
"3896LD",1,"","175"
"3896LD",1,"","930"
"3896LD",1,"","179"
"3896LD",1,"","224"
"3896LD",15,"P",""
"3896LD",1,"","614"
"3896LD",1,"","365"
"3896LD",15,"B",""
"3896LD",1,"","725"
"3896LD",1,"","777"
"3896LD",1,"","961"
"3896LD",1,"","908"
"3896LD",1,"","905"
"3896LD",1,"","121"
"3896LD",1,"","370"
"3896LD",1,"","120"
"3896LD",1,"","733"
"3896LD",1,"","230"
"3896LD",1,"","676"
"3896LD",1,"","286"
"3896LD",1,"","116"
"3896LD",1,"","546"
"3896LD",1,"","728"
"3896LD",1,"","770"
"3896LD",1,"","315"
"3896LD",1,"","405"
"3896LD",1,"","186"
"3896LD",1,"","182"
"3896LD",1,"","734"
"3896LD",1,"","673"
"3896LD",1,"","289"
"3896LD",15,"C",""
"3896LD",3,"F","5"
"3896LD",15,"K",""
"3896LD",1,"","730"
"3896LD",1,"","541"
"3896LD",1,"","210"
"3896LD",1,"","723"
"3896LD",1,"","406"
"3896LD",1,"","853"
"3896LD",1,"","855"
"3896LD",1,"","852"
"3896LD",1,"","928"
"3896LD",1,"","522"
"3896LD",1,"","229"
"3896LD",1,"","503"
"3896LD",3,"E","8"
"3896LD",3,"E","9"
"3896LD",1,"","660"
"3896LD",1,"","543"
"3896LD",1,"","551"
"3896LD",7,"",""
"3896LD",1,"","910"
"3896LD",1,"","929"
"3896LD",1,"","931"
"3896LD",1,"","401"
"3896LD",15,"H",""
"3896LD",1,"","505"
"3896LD",1,"","419"
"3896LD",1,"","418"
"3896LD",1,"","736"
"3896LD",1,"","542"
"3896LD",1,"","411"
"3896LD",1,"","508"
"3896LD",1,"","766"
"3896LD",1,"","428"
"3896LD",1,"","909"
"3896LD",1,"","675"
"3896LD",15,"J",""
"3896LD",1,"","672A"
"3896LD",15,"F",""
"3896LD",3,"F","7"
"3896LD",1,"","966"
"3896LD",1,"","669"
"3896LD",1,"","732"
"3896LD",1,"","539"
"3896LD",1,"","410"
"3896LD",1,"","513"
"3896LD",5,"A",""
"3896LD",1,"","953"
"3896LD",1,"","519"
"3896LD",1,"","113"
"3896LD",1,"","925"
"3896LD",1,"","231"
"3896LD",1,"","954"
"3896LD",1,"","307"
"3896LD",1,"","504"
"3896LD",1,"","226"
"3896LD",1,"","459"
"3896LD",1,"","537"
"3896LD",1,"","540"
"3896LD",3,"A","3"
"3896LD",1,"","165"
"3896LD",1,"","735"
"3896LD",1,"","166"
"3896LD",1,"","848"
"3896LD",1,"","917"
"3896LD",1,"","919"
"3896LD",1,"","284"
"3896LD",1,"","285"
"3896LD",1,"","413"
"3896LD",1,"","515"
"3896LD",1,"","659"
"3896LD",1,"","957"
"3896LD",1,"","501"
"3896LD",1,"","911"
"3896LD",1,"","404"
"3896LD",1,"","850"
"3896LD",1,"","738"
"3896LD",1,"","672"
"3896LD",1,"","526"
"3896LD",1,"","966"
"3896LD",1,"","525"
"3896LD",1,"","814"
"3896LD",3,"E","8"
"3896LD",1,"","680"
"3896LD",1,"","959"
"3896LD",1,"","658"
"3896LD",1,"","684"
"3896LD",1,"","311"
"3896LD",1,"","124"
"3896LD",1,"","851"
"3896LD",1,"","737"
"3896LD",1,"","955"
"3896LD",1,"","309"
"3896LD",1,"","137"
"3896LD",1,"","305"
"3896LD",1,"","502"
"3896LD",1,"","308"
"3896LD",1,"","538"
"3896LD",1,"","536"
"3896LD",1,"","956"
"3896LD",1,"","202"
"3896LD",1,"","923"
"3896LD",1,"","287"
"3896LD",1,"","533A"
"3896LD",1,"","915"
"3896LD",1,"","425"
"3896LD",1,"","414"
"3896LD",1,"","415"
"3896LD",1,"","731"
"3896LD",1,"","283"
"3896LD",1,"","916"
"3896LD",1,"","457"
"3896LD",1,"","913"
"3896LD",1,"","720"
"3896LD",1,"","901"
"3896LD",1,"","679"
"3896LD",1,"","959"
"3896LD",1,"","849"
"3896LD",1,"","967"
"3896LD",1,"","340"
"3896LD",3,"E","6"
"3896LD",1,"","528"
"3896LD",1,"","523"
"3896LD",1,"","227"
"3896LD",7,"C",""
"3896LD",1,"","535"
"3896LD",3,"G","4"
"3896LD",1,"","236"
"3896LD",1,"","554"
"3896LD",1,"","670"
"3896LD",1,"","951"
"3896LD",1,"","139"
"3896LD",1,"","961"
"3896LD",1,"","782"
"3896LD",1,"","662"
"3896LD",1,"","761"
"3896LD",1,"","963"
"3896LD",3,"F","1"
"3896LD",1,"","456"
"3896LD",3,"E","11"
"3896LD",1,"","460"
"3896LD",1,"","649"
"3896LD",1,"","422"
"3896LD",1,"","511"
"3896LD",15,"L",""
"3896LD",1,"","924"
"3896LD",1,"","424"
"3896LD",1,"","426"
"3896LD",1,"","417"
"3896LD",1,"","960"
"3896LD",1,"","205"
"3896LD",1,"","957A"
"3896LD",1,"","204"
"3896LD",1,"","975"
"3896LD",1,"","530"
"3896LD",1,"","678"
"3896LD",1,"","367"
"3896LD",1,"","671"
"3896LD",1,"","104"
"3896LD",1,"","336"
"3896LD",3,"E","5"
"3896LD",1,"","527"
"3896LD",1,"","524"
"3896LD",1,"","228"
"3896LD",1,"","813"
"3896LD",1,"","221"
"3896LD",3,"G","5"
"3896LD",1,"","683"
"3896LD",1,"","237"
"3896LD",1,"","776"
"3896LD",1,"","128"
"3896LD",1,"","313"
"3896LD",1,"","132"
"3896LD",1,"","136"
"3896LD",1,"","135"
"3896LD",1,"","520"
"3896LD",1,"","214"
"3896LD",1,"","458"
"3896LD",1,"","158"
"3896LD",1,"","201"
"3896LD",1,"","638"
"3896LD",1,"","645"
"3896LD",1,"","646"
"3896LD",1,"","644"
"3896LD",1,"","427"
"3896LD",1,"","958"
"3896LD",1,"","164"
"3896LD",1,"","651"
"3896LD",15,"M",""
"3896LD",1,"","919A"
"3896LD",1,"","416"
"3896LD",1,"","914"
"3896LD",1,"","282"
"3896LD",1,"","718"
"3896LD",1,"","854"
"3896LD",3,"F","9"
"3896LD",1,"","974"
"3896LD",1,"","674"
"3896LD",1,"","965"
"3896LD",3,"A","8"
"3896LD",1,"","211"
"3896LD",1,"","811"
"3896LD",1,"","521"
"3896LD",1,"","668"
"3896LD",3,"F","10"
"3896LD",1,"","222"
"3896LD",3,"E","8"
"3896LD",1,"","682"
"3896LD",1,"","238"
"3896LD",1,"","553"
"3896LD",1,"","129"
"3896LD",3,"B","12"
"3896LD",1,"","206"
"3896LD",1,"","506"
"3896LD",1,"","778"
"3896LD",1,"","962"
"3896LD",1,"","806"
"3896LD",1,"","333"
"3896LD",1,"","157"
"3896LD",1,"","603"
"3896LD",3,"C","2"
"3896LD",3,"E","10"
"3896LD",3,"E","11"
"3896LD",3,"E","10"
"3896LD",1,"","958"
"3896LD",1,"","560"
"3896LD",3,"B","2"
"3896LD",1,"","640"
"3896LD",1,"","510"
"3896LD",1,"","655"
"3896LD",1,"","310"
"3896LD",1,"","203"
"3896LD",1,"","279A"
"3896LD",1,"","112"
"3896LD",1,"","531"
"3896LD",3,"G","1"
"3896LD",3,"F","3"
"3896LD",3,"F","4"
"3896LD",1,"","654"
"3896LD",1,"","647"
"3896LD",1,"","125"
"3896LD",1,"","138"
"3896LD",1,"","218"
"3896LD",3,"E","9"
"3896LD",1,"","342"
"3896LD",3,"E","9"
"3896LD",1,"","223"
"3896LD",1,"","681"
"3896LD",1,"","677"
"3896LD",1,"","548"
"3896LD",1,"","557"
"3896LD",3,"F","8"
"3896LD",3,"B","1"
"3896LD",1,"","648"
"3896LD",1,"","610"
"3896LD",1,"","802"
"3896LD",3,"E","3"
"3896LD",1,"","324"
"3896LD",1,"","807"
"3896LD",3,"C","13"
"3896LD",3,"C","3"
"3896LD",1,"","763"
"3896LD",3,"E","11"
"3896LD",1,"","160"
"3896LD",1,"","235"
"3896LD",1,"","641"
"3896LD",1,"","131"
"3896LD",3,"B","10"
"3896LD",1,"","611"
"3896LD",1,"","922"
"3896LD",1,"","609"
"3896LD",1,"","918"
"3896LD",1,"","724"
"3896LD",3,"J","8"
"3896LD",1,"","271"
"3896LD",1,"","968"
"3896LD",1,"","967"
"3896LD",3,"C","2"
"3896LD",1,"",""
"3896LD",3,"E","10"
"3896LD",1,"","643"
"3896LD",1,"","559"
"3896LD",3,"B","8"
"3896LD",3,"F","2"
"3896LD",1,"","343"
"3896LD",3,"E","7"
"3896LD",1,"","217"
"3896LD",3,"E","7"
"3896LD",3,"E","7"
"3896LD",1,"","344"
"3896LD",1,"","101"
"3896LD",1,"","234"
"3896LD",3,"A","7"
"3896LD",3,"B","13"
"3896LD",1,"","642"
"3896LD",1,"","652"
"3896LD",1,"","141"
"3896LD",1,"","805"
"3896LD",1,"","665"
"3896LD",3,"E","5"
"3896LD",1,"","156"
"3896LD",1,"","159"
"3896LD",3,"C","3"
"3896LD",1,"","232"
"3896LD",3,"C","12"
"3896LD",1,"","639"
"3896LD",1,"","765"
"3896LD",1,"","558"
"3896LD",3,"H","4"
"3896LD",3,"E","12"
"3896LD",1,"","607"
"3896LD",1,"","423"
"3896LD",7,"B",""
"3896LD",1,"","534"
"3896LD",1,"","111"
"3896LD",1,"","105"
"3896LD",1,"","145A"
"3896LD",1,"","102"
"3896LD",1,"","812"
"3896LD",1,"","233"
"3896LD",3,"C","5"
"3896LD",3,"C","5"
"3896LD",1,"","775"
"3896LD",1,"","341"
"3896LD",1,"","339"
"3896LD",1,"","335"
"3896LD",1,"","220"
"3896LD",1,"","328"
"3896LD",3,"C","12"
"3896LD",1,"","809"
"3896LD",1,"","816"
"3896LD",1,"","817"
"3896LD",1,"","601"
"3896LD",3,"H","1"
"3896LD",1,"","126"
"3896LD",1,"","762"
"3896LD",1,"","780"
"3896LD",1,"","318"
"3896LD",1,"","212"
"3896LD",1,"","663"
"3896LD",3,"G","2"
"3896LD",3,"F","6"
"3896LD",1,"","580"
"3896LD",1,"","149"
"3896LD",1,"","148"
"3896LD",1,"","667"
"3896LD",3,"C","4"
"3896LD",1,"","761A"
"3896LD",3,"H","5"
"3896LD",1,"","608"
"3896LD",1,"","280"
"3896LD",1,"","420"
"3896LD",7,"A",""
"3896LD",1,"","219"
"3896LD",1,"","664"
"3896LD",1,"","103"
"3896LD",1,"","836"
"3896LD",1,"","969"
"3896LD",1,"","345"
"3896LD",1,"","815"
"3896LD",1,"","821"
"3896LD",1,"","161"
"3896LD",3,"B","3"
"3896LD",3,"E","6"
"3896LD",1,"","338"
"3896LD",1,"","337"
"3896LD",1,"","140"
"3896LD",3,"G","10"
"3896LD",1,"","321"
"3896LD",1,"","151"
"3896LD",1,"","153"
"3896LD",1,"","154"
"3896LD",3,"C","12"
"3896LD",3,"C","3"
"3896LD",1,"","127"
"3896LD",1,"","612"
"3896LD",1,"","133"
"3896LD",1,"","134"
"3896LD",1,"","562"
"3896LD",1,"","276"
"3896LD",3,"E","6"
"3896LD",1,"","529"
"3896LD",1,"","970"
"3896LD",1,"","326"
"3896LD",1,"","834"
"3896LD",3,"C","2"
"3896LD",1,"","145"
"3896LD",1,"","604"
"3896LD",1,"","130"
"3896LD",1,"","921"
"3896LD",1,"","281"
"3896LD",1,"","279"
"3896LD",1,"","810"
"3896LD",1,"","323"
"3896LD",1,"","561"
"3896LD",3,"J","1"
"3896LD",1,"","332"
"3896LD",1,"","144"
"3896LD",1,"","963"
"3896LD",1,"","570"
"3896LD",1,"","819"
"3896LD",3,"C","10"
"3896LD",1,"","703"
"3896LD",1,"","255"
"3896LD",1,"","781"
"3896LD",3,"C","1"
"3896LD",7,"",""
"3896LD",1,"","277"
"3896LD",1,"","360"
"3896LD",1,"","357"
"3896LD",1,"","835"
"3896LD",1,"","845"
"3896LD",3,"E","4"
"3896LD",3,"C","13"
"3896LD",1,"","556"
"3896LD",3,"C","6"
"3896LD",1,"","421"
"3896LD",3,"C","5"
"3896LD",1,"","278"
"3896LD",1,"","801"
"3896LD",3,"B","6"
"3896LD",1,"","783"
"3896LD",1,"","803"
"3896LD",1,"","213"
"3896LD",1,"","317"
"3896LD",3,"H","7"
"3896LD",1,"","150"
"3896LD",1,"","602"
"3896LD",3,"A","9"
"3896LD",1,"","248"
"3896LD",1,"","693"
"3896LD",1,"","256"
"3896LD",1,"","606"
"3896LD",3,"C","4"
"3896LD",1,"","719"
"3896LD",1,"","973"
"3896LD",1,"","971"
"3896LD",1,"","965"
"3896LD",1,"","359"
"3896LD",1,"","331"
"3896LD",1,"","147"
"3896LD",3,"C","11"
"3896LD",1,"","920"
"3896LD",3,"C","4"
"3896LD",1,"","163"
"3896LD",1,"","251"
"3896LD",1,"","695"
"3896LD",1,"","316"
"3896LD",3,"B","9"
"3896LD",3,"J","3"
"3896LD",3,"B","5"
"3896LD",1,"","249"
"3896LD",1,"","804"
"3896LD",3,"C","10"
"3896LD",3,"G","8"
"3896LD",1,"","123"
"3896LD",1,"","254"
"3896LD",1,"","252"
"3896LD",5,"A",""
"3896LD",1,"","361"
"3896LD",1,"","162"
"3896LD",1,"","114"
"3896LD",1,"","107"
"3896LD",1,"","847"
"3896LD",1,"","330"
"3896LD",3,"H","9"
"3896LD",3,"E","3"
"3896LD",3,"C","13"
"3896LD",1,"","575"
"3896LD",1,"","273"
"3896LD",1,"","605"
"3896LD",1,"","253"
"3896LD",1,"","702"
"3896LD",1,"","697"
"3896LD",1,"","247"
"3896LD",1,"","779"
"3896LD",3,"B","7"
"3896LD",1,"","241"
"3896LD",1,"","216"
"3896LD",3,"H","6"
"3896LD",1,"","152"
"3896LD",1,"","572"
"3896LD",1,"","685"
"3896LD",3,"B","11"
"3896LD",1,"","272"
"3896LD",1,"","571"
"3896LD",1,"","275"
"3896LD",5,"",""
"3896LD",1,"","362"
"3896LD",1,"","717"
"3896LD",1,"","358"
"3896LD",1,"","829"
"3896LD",3,"B","4"
"3896LD",1,"","155"
"3896LD",3,"C","10"
"3896LD",1,"","574"
"3896LD",3,"C","11"
"3896LD",3,"H","3"
"3896LD",3,"G","9"
"3896LD",3,"G","6"
"3896LD",1,"","696"
"3896LD",1,"","692"
"3896LD",1,"","694"
"3896LD",3,"H","2"
"3896LD",1,"","840"
"3896LD",1,"","839"
"3896LD",1,"","320"
"3896LD",1,"","565"
"3896LD",1,"","146"
"3896LD",3,"C","1"
"3896LD",1,"","576"
"3896LD",3,"J","7"
"3896LD",3,"C","11"
"3896LD",1,"","573"
"3896LD",1,"","715"
"3896LD",1,"","274"
"3896LD",1,"","837"
"3896LD",1,"","246"
"3896LD",1,"","242"
"3896LD",3,"H","8"
"3896LD",1,"","563"
"3896LD",1,"","569"
"3896LD",1,"","568"
"3896LD",1,"","564"
"3896LD",1,"","143"
"3896LD",1,"","820"
"3896LD",1,"","686"
"3896LD",1,"","701"
"3896LD",1,"","239"
"3896LD",1,"","825"
"3896LD",1,"","972"
"3896LD",1,"","838"
"3896LD",1,"","826"
"3896LD",1,"","353"
"3896LD",1,"","666"
"3896LD",1,"","334"
"3896LD",1,"","567"
"3896LD",3,"C","1"
"3896LD",1,"","270"
"3896LD",1,"","263"
"3896LD",1,"","363"
"3896LD",1,"","110"
"3896LD",1,"","262"
"3896LD",3,"H","11"
"3896LD",1,"","698"
"3896LD",1,"","841"
"3896LD",1,"","690"
"3896LD",1,"","355"
"3896LD",3,"E","4"
"3896LD",1,"","714"
"3896LD",3,"E","4"
"3896LD",1,"","964"
"3896LD",1,"","716"
"3896LD",1,"","260"
"3896LD",1,"","711A"
"3896LD",1,"","964"
"3896LD",1,"","109"
"3896LD",1,"","706"
"3896LD",1,"","687"
"3896LD",1,"","831"
"3896LD",1,"","346"
"3896LD",1,"","354"
"3896LD",1,"","257"
"3896LD",1,"","351"
"3896LD",1,"","325"
"3896LD",1,"","712"
"3896LD",1,"","261"
"3896LD",1,"","329"
"3896LD",1,"","266"
"3896LD",1,"","106"
"3896LD",1,"","244"
"3896LD",1,"","843"
"3896LD",1,"","243"
"3896LD",1,"","245"
"3896LD",1,"","691"
"3896LD",1,"","350"
"3896LD",1,"","827"
"3896LD",1,"","322"
"3896LD",1,"","268"
"3896LD",3,"J","6"
"3896LD",1,"","319"
"3896LD",1,"","566"
"3896LD",1,"","265"
"3896LD",1,"","264"
"3896LD",1,"","688"
"3896LD",1,"","689"
"3896LD",3,"H","10"
"3896LD",3,"G","7"
"3896LD",1,"","828"
"3896LD",1,"","832"
"3896LD",1,"","352"
"3896LD",1,"","142"
"3896LD",3,"E","3"
"3896LD",1,"","704"
"3896LD",1,"","258"
"3896LD",1,"","709"
"3896LD",1,"","713"
"3896LD",1,"","962"
"3896LD",1,"","707"
"3896LD",1,"","240"
"3896LD",1,"","822"
"3896LD",1,"","345A"
"3896LD",1,"","348"
"3896LD",1,"","349"
"3896LD",1,"","824"
"3896LD",1,"","259"
"3896LD",1,"","823"
"3896LD",1,"","711"
"3896LD",1,"","356"
"3896LD",1,"","215"
"3896LD",1,"","842"
"3896LD",1,"","108"
"3896LD",3,"E","5"
"3896LD",1,"","818"
"3896LD",1,"","347"
"3896LD",3,"J","4"
"3896LD",1,"","267"
"3896LD",1,"","327"
"3896LD",3,"J","5"
"3896LD",1,"","830"
"3896LD",1,"","808"
"3896LD",1,"","846"
"3896LD",1,"","705"
"3896LD",1,"","710"
"3896LD",1,"","833"
"3896LD",1,"","269"
"3896LD",1,"","708"
"3896LD",3,"J","2"
"3896LD",1,"","844"
"3896LE",1,"",""
"3896LG",1,"",""
"3896LG",12,"",""
"3896LG",16,"",""
"3896LG",12,"",""
"3896LH",57,"",""
"3896LH",21,"A",""
"3896LH",21,"B",""
"3896LH",29,"",""
"3896LH",61,"B",""
"3896LH",41,"",""
"3896LH",17,"",""
"3896LH",25,"",""
"3896LH",2,"",""
"3896LH",57,"A",""
"3896LH",33,"",""
"3896LH",59,"",""
"3896LH",61,"",""
"3896LH",61,"",""
"3896LH",10,"",""
"3896LH",61,"",""
"3896LH",21,"",""
"3896LH",61,"A",""
"3896LH",35,"",""
"3896LH",6,"",""
"3896LH",20,"",""
"3896LH",23,"",""
"3896LH",37,"",""
"3896LH",21,"B",""
"3896LH",21,"A",""
"3896LJ",2,"",""
"3896LJ",9,"",""
"3896LJ",6,"A",""
"3896LJ",5,"",""
"3896LJ",8,"A",""
"3896LJ",1,"",""
"3896LJ",6,"",""
"3896LJ",8,"",""
"3896LJ",12,"",""
"3896LJ",6,"B",""
"3896LJ",17,"",""
"3896LJ",10,"",""
"3896LK",9,"",""
"3896LK",14,"",""
"3896LK",13,"",""
"3896LK",2,"",""
"3896LK",5,"",""
"3896LK",6,"",""
"3896LK",1,"",""
"3896LL",1,"",""
"3896LM",14,"",""
"3896LM",10,"",""
"3896LM",6,"",""
"3896LN",14,"",""
"3896LN",10,"",""
"3896LN",2,"",""
"3896LN",6,"",""
"3896LN",18,"",""
"3896LN",18,"A",""
"3896LP",5,"",""
"3896LP",1,"",""
"3896LP",7,"",""
"3896LP",5,"",""
"3896LR",23,"",""
"3896LR",25,"J",""
"3896LR",25,"L",""
"3896LR",25,"P",""
"3896LR",22,"A",""
"3896LR",22,"A",""
"3896LR",25,"N",""
"3896LR",25,"E",""
"3896LR",25,"H",""
"3896LR",25,"B",""
"3896LR",25,"C",""
"3896LR",25,"K",""
"3896LR",25,"G",""
"3896LR",25,"A",""
"3896LR",22,"",""
"3896LR",25,"Q",""
"3896LR",25,"F",""
"3896LR",25,"M",""
"3896LR",21,"",""
"3896LR",22,"",""
"3896LR",22,"",""
"3896LR",21,"",""
"3896LR",25,"D",""
"3896LR",23,"",""
"3896LR",22,"A",""
"3896LS",71,"","46"
"3896LS",70,"",""
"3896LS",71,"","41"
"3896LS",71,"","5"
"3896LS",71,"","44"
"3896LS",70,"",""
"3896LS",71,"","48"
"3896LS",71,"","5"
"3896LS",7,"",""
"3896LS",71,"","13"
"3896LS",17,"","1"
"3896LS",71,"","42"
"3896LS",71,"","47"
"3896LS",71,"","44"
"3896LS",71,"","19"
"3896LS",71,"","46"
"3896LS",71,"","6"
"3896LS",71,"","50"
"3896LS",92,"",""
"3896LS",71,"","7"
"3896LS",71,"","33"
"3896LS",71,"","33"
"3896LS",71,"","3"
"3896LS",71,"","13"
"3896LS",71,"","11"
"3896LS",71,"","1"
"3896LS",71,"","9"
"3896LS",71,"","43"
"3896LS",71,"","5"
"3896LS",71,"","42"
"3896LS",71,"","6"
"3896LS",71,"","50"
"3896LS",7,"A",""
"3896LS",71,"","35"
"3896LS",71,"","3"
"3896LS",71,"","43"
"3896LS",71,"","8"
"3896LS",71,"","13"
"3896LS",71,"","17"
"3896LS",71,"","48"
"3896LS",71,"","11"
"3896LS",71,"","38"
"3896LS",71,"","49"
"3896LS",71,"","9"
"3896LS",71,"","48"
"3896LS",71,"","35"
"3896LS",71,"","43"
"3896LS",71,"","37"
"3896LS",71,"","3"
"3896LS",71,"","16"
"3896LS",71,"","14"
"3896LS",71,"","40"
"3896LS",71,"",""
"3896LS",71,"","10"
"3896LS",71,"","19"
"3896LS",71,"","44"
"3896LS",71,"","7"
"3896LS",71,"","49"
"3896LS",71,"","18"
"3896LS",71,"","45"
"3896LS",90,"",""
"3896LS",71,"","36"
"3896LS",71,"","34"
"3896LS",71,"","33"
"3896LS",71,"","14"
"3896LS",71,"","14"
"3896LS",71,"","14"
"3896LS",71,"","17"
"3896LS",71,"","20"
"3896LS",71,"","8"
"3896LS",71,"","47"
"3896LS",71,"","20"
"3896LS",71,"","39"
"3896LS",71,"","37"
"3896LS",71,"","36"
"3896LS",71,"","34"
"3896LS",71,"","27"
"3896LS",71,"","20"
"3896LS",71,"","12"
"3896LS",71,"","2"
"3896LS",71,"","16"
"3896LS",71,"","20"
"3896LS",71,"","10"
"3896LS",71,"","46"
"3896LS",71,"","15"
"3896LS",71,"","39"
"3896LS",71,"","38"
"3896LS",71,"","37"
"3896LS",71,"","39"
"3896LS",71,"","36"
"3896LS",71,"","40"
"3896LS",71,"","12"
"3896LS",71,"","38"
"3896LS",71,"","2"
"3896LS",71,"","21"
"3896LS",71,"","41"
"3896LS",71,"","18"
"3896LS",71,"","4"
"3896LS",71,"","20"
"3896LS",98,"",""
"3896LS",71,"","4"
"3896LS",71,"","17"
"3896LS",71,"","27"
"3896LS",71,"","20"
"3896LS",71,"","21"
"3896LS",98,"A",""
"3896LS",71,"","16"
"3896LS",71,"","40"
"3896LS",71,"","15"
"3896LS",98,"B",""
"3896LS",71,"","15"
"3896LS",71,"","45"
"3896LS",71,"","2"
"3896LS",71,"","27"
"3896LS",71,"","20"
"3896LT",1,"","68"
"3896LT",1,"","91"
"3896LT",1,"","680"
"3896LT",1,"","682"
"3896LT",1,"","682"
"3896LT",1,"","852"
"3896LT",1,"","68"
"3896LT",1,"","1215"
"3896LT",1,"","737B"
"3896LT",1,"","737"
"3896LT",1,"","59"
"3896LT",1,"","91"
"3896LT",1,"","853"
"3896LT",1,"","683"
"3896LT",1,"","850"
"3896LT",1,"","1216"
"3896LT",1,"","59"
"3896LT",1,"","677"
"3896LT",1,"","673"
"3896LT",1,"","908"
"3896LT",1,"","679"
"3896LT",1,"","852"
"3896LT",1,"","79"
"3896LT",1,"","737"
"3896LT",1,"","960"
"3896LT",1,"","729"
"3896LT",1,"","957"
"3896LT",1,"","79"
"3896LT",1,"","674"
"3896LT",1,"","678"
"3896LT",1,"","677"
"3896LT",1,"","736"
"3896LT",1,"","911"
"3896LT",1,"","679"
"3896LT",1,"","912"
"3896LT",1,"","737B"
"3896LT",1,"","60"
"3896LT",1,"","60"
"3896LT",1,"","6"
"3896LT",1,"","959"
"3896LT",1,"","791"
"3896LT",1,"","850"
"3896LT",1,"","787"
"3896LT",1,"","678"
"3896LT",1,"","963"
"3896LT",1,"","676"
"3896LT",1,"","730"
"3896LT",1,"","786"
"3896LT",1,"","911"
"3896LT",1,"","676"
"3896LT",1,"","601"
"3896LT",1,"","961"
"3896LT",1,"","960"
"3896LT",1,"","782"
"3896LT",1,"","55"
"3896LT",1,"","85"
"3896LT",1,"","847"
"3896LT",1,"","1211"
"3896LT",1,"","789"
"3896LT",1,"","789"
"3896LT",1,"","673"
"3896LT",1,"","906"
"3896LT",1,"","788"
"3896LT",1,"","787"
"3896LT",1,"","788"
"3896LT",1,"","962"
"3896LT",1,"","781"
"3896LT",1,"","957"
"3896LT",1,"","790"
"3896LT",1,"","847"
"3896LT",1,"","849"
"3896LT",1,"","674"
"3896LT",1,"","904"
"3896LT",1,"","846"
"3896LT",1,"","786"
"3896LT",1,"","1210"
"3896LT",1,"","73"
"3896LT",1,"","73"
"3896LT",1,"","962"
"3896LT",1,"","732"
"3896LT",1,"","52"
"3896LT",1,"","680"
"3896LT",1,"","781"
"3896LT",1,"","691"
"3896LT",1,"","735"
"3896LT",1,"","790"
"3896LT",1,"","848"
"3896LT",1,"","730"
"3896LT",1,"","902"
"3896LT",1,"","848"
"3896LT",1,"","1209"
"3896LT",1,"","733"
"3896LT",1,"","729"
"3896LT",1,"","958"
"3896LT",1,"","54"
"3896LT",1,"","1216"
"3896LT",1,"","906"
"3896LT",1,"","903"
"3896LT",1,"","903"
"3896LT",1,"","795"
"3896LT",1,"","734"
"3896LT",1,"","603"
"3896LT",1,"","959"
"3896LT",1,"","861"
"3896LT",1,"","56"
"3896LT",1,"","961"
"3896LT",1,"","732"
"3896LT",1,"","956"
"3896LT",1,"","690"
"3896LT",1,"","748"
"3896LT",1,"","69"
"3896LT",1,"","604"
"3896LT",1,"","904"
"3896LT",1,"","1212"
"3896LT",1,"","1211"
"3896LT",1,"","969"
"3896LT",1,"","58"
"3896LT",1,"","610"
"3896LT",1,"","733"
"3896LT",1,"","901"
"3896LT",1,"","1223"
"3896LT",1,"","851"
"3896LT",1,"","681"
"3896LT",1,"","675"
"3896LT",1,"","905"
"3896LT",1,"","918"
"3896LT",1,"","917"
"3896LT",1,"","793A"
"3896LT",1,"","58"
"3896LT",1,"","97"
"3896LT",1,"","56"
"3896LT",1,"","963"
"3896LT",1,"","672"
"3896LT",1,"","57"
"3896LT",1,"","690"
"3896LT",1,"","1219"
"3896LT",1,"","1221"
"3896LT",1,"","917"
"3896LT",1,"","1212"
"3896LT",1,"","672"
"3896LT",1,"","728"
"3896LT",1,"","878"
"3896LT",1,"","784"
"3896LT",1,"","795"
"3896LT",1,"","53"
"3896LT",1,"","846"
"3896LT",1,"","780"
"3896LT",1,"","1220"
"3896LT",1,"","681"
"3896LT",1,"","909"
"3896LT",1,"","85"
"3896LT",1,"","1222"
"3896LT",1,"","1224"
"3896LT",1,"","916"
"3896LT",1,"","778"
"3896LT",1,"","710A"
"3896LT",1,"","1209"
"3896LT",1,"","710A"
"3896LT",1,"","918"
"3896LT",1,"","958A"
"3896LT",1,"","956"
"3896LT",1,"","61"
"3896LT",1,"","1221"
"3896LT",1,"","742"
"3896LT",1,"","849"
"3896LT",1,"","842"
"3896LT",1,"","54"
"3896LT",1,"","916"
"3896LT",1,"","833"
"3896LT",1,"","700"
"3896LT",1,"","52"
"3896LT",1,"","777"
"3896LT",1,"","785"
"3896LT",1,"","958A"
"3896LT",1,"","860"
"3896LT",1,"","851"
"3896LT",1,"","909"
"3896LT",1,"","662"
"3896LT",1,"","969"
"3896LT",1,"","66"
"3896LT",1,"","95"
"3896LT",1,"","657"
"3896LT",1,"","776A"
"3896LT",1,"","877"
"3896LT",1,"","708"
"3896LT",1,"","783"
"3896LT",1,"","1210"
"3896LT",1,"","958"
"3896LT",1,"","659"
"3896LT",41,"A",""
"3896LT",1,"","902"
"3896LT",1,"","1213"
"3896LT",1,"","841"
"3896LT",1,"","71"
"3896LT",1,"","835"
"3896LT",1,"","709"
"3896LT",1,"","780"
"3896LT",1,"","951"
"3896LT",1,"","878"
"3896LT",1,"","785"
"3896LT",1,"","784"
"3896LT",1,"","1224"
"3896LT",1,"","908"
"3896LT",49,"",""
"3896LT",1,"","879"
"3896LT",53,"",""
"3896LT",1,"","728"
"3896LT",1,"","826"
"3896LT",1,"","954"
"3896LT",1,"","999"
"3896LT",1,"","71"
"3896LT",1,"","952"
"3896LT",1,"","55"
"3896LT",1,"","734"
"3896LT",1,"","782"
"3896LT",1,"","660"
"3896LT",1,"","675"
"3896LT",1,"","735"
"3896LT",1,"","842"
"3896LT",1,"","876"
"3896LT",1,"","953"
"3896LT",1,"","709"
"3896LT",1,"","837"
"3896LT",1,"","778"
"3896LT",1,"","708"
"3896LT",1,"","877"
"3896LT",1,"","793A"
"3896LT",1,"","57"
"3896LT",1,"","1222"
"3896LT",1,"","662"
"3896LT",1,"","658"
"3896LT",1,"","828"
"3896LT",1,"","952"
"3896LT",1,"","656"
"3896LT",1,"","912"
"3896LT",1,"","66"
"3896LT",1,"","704"
"3896LT",1,"","953"
"3896LT",1,"","667"
"3896LT",1,"","951"
"3896LT",1,"","783"
"3896LT",1,"","950"
"3896LT",1,"","1215"
"3896LT",1,"","905"
"3896LT",1,"","901"
"3896LT",1,"","822"
"3896LT",1,"","955"
"3896LT",1,"","954"
"3896LT",1,"","839"
"3896LT",1,"","86"
"3896LT",1,"","702"
"3896LT",1,"","701"
"3896LT",1,"","70"
"3896LT",1,"","93"
"3896LT",1,"","78"
"3896LT",1,"","661"
"3896LT",1,"","825"
"3896LT",1,"","827"
"3896LT",1,"","955"
"3896LT",1,"","873"
"3896LT",1,"","828"
"3896LT",1,"A",""
"3896LT",1,"","876"
"3896LT",1,"","51"
"3896LT",1,"","50"
"3896LT",1,"","860"
"3896LT",1,"","950"
"3896LT",1,"","737A"
"3896LT",1,"","1214"
"3896LT",1,"","1213"
"3896LT",1,"","736"
"3896LT",27,"A",""
"3896LT",1,"","853"
"3896LT",1,"","854"
"3896LT",1,"","964"
"3896LT",1,"","856"
"3896LT",1,"","998"
"3896LT",1,"","655"
"3896LT",1,"","875"
"3896LT",1,"","707"
"3896LT",1,"","53"
"3896LT",1,"","861"
"3896LT",796,"",""
"3896LT",1,"","663"
"3896LT",1,"","843"
"3896LT",1,"","78"
"3896LT",1,"","668"
"3896LT",1,"","837"
"3896LT",1,"","689"
"3896LT",1,"","50"
"3896LT",1,"","836"
"3896LT",1,"","665"
"3896LT",1,"","775"
"3896LT",1,"","710"
"3896LT",1,"","69"
"3896LT",1,"","1214"
"3896LT",1,"","845"
"3896LT",1,"","827"
"3896LT",1,"","699"
"3896LT",1,"","821"
"3896LT",1,"","707"
"3896LT",1,"","657"
"3896LT",1,"","999"
"3896LT",29,"A",""
"3896LT",1,"","702"
"3896LT",1,"","924"
"3896LT",1,"","777"
"3896LT",1,"","691"
"3896LT",1,"","688"
"3896LT",1,"","744"
"3896LT",1,"","854"
"3896LT",1,"","965"
"3896LT",1,"","797"
"3896LT",1,"","791"
"3896LT",1,"","863"
"3896LT",1,"","967"
"3896LT",1,"","857"
"3896LT",1,"","857"
"3896LT",1,"","686"
"3896LT",1,"","70"
"3896LT",1,"","776A"
"3896LT",1,"","746"
"3896LT",1,"","602"
"3896LT",1,"","843"
"3896LT",1,"","1208"
"3896LT",1,"","67"
"3896LT",1,"","84"
"3896LT",1,"","668"
"3896LT",1,"","669"
"3896LT",1,"","747"
"3896LT",1,"","95"
"3896LT",1,"","666"
"3896LT",1,"","858"
"3896LT",1,"","931"
"3896LT",1,"","612"
"3896LT",1,"","661"
"3896LT",1,"","793"
"3896LT",1,"","826"
"3896LT",29,"",""
"3896LT",1,"","755"
"3896LT",1,"","822"
"3896LT",1,"","699"
"3896LT",1,"","658"
"3896LT",1,"","19"
"3896LT",1,"","704"
"3896LT",1,"","998"
"3896LT",1,"","689"
"3896LT",1,"","745"
"3896LT",1,"","759"
"3896LT",1,"","794"
"3896LT",1,"","862"
"3896LT",1,"","797"
"3896LT",1,"","882"
"3896LT",1,"","972"
"3896LT",1,"","1005"
"3896LT",1,"","864"
"3896LT",1,"","855"
"3896LT",1,"","687"
"3896LT",1,"","685"
"3896LT",1,"","874"
"3896LT",1,"","701"
"3896LT",1,"","685"
"3896LT",1,"","845"
"3896LT",1,"","671"
"3896LT",1,"","1208"
"3896LT",1,"","670"
"3896LT",1,"","1207"
"3896LT",1,"","670"
"3896LT",1,"","86"
"3896LT",1,"","669"
"3896LT",1,"","748"
"3896LT",1,"","747"
"3896LT",1,"","664"
"3896LT",1,"","775"
"3896LT",1,"","665"
"3896LT",1,"","742"
"3896LT",1,"","660"
"3896LT",1,"","659"
"3896LT",1,"","93"
"3896LT",1,"","655"
"3896LT",1,"","697"
"3896LT",5,"",""
"3896LT",1,"","21"
"3896LT",1,"","753"
"3896LT",1,"","656"
"3896LT",1,"","924"
"3896LT",1,"","15"
"3896LT",1,"","931"
"3896LT",1,"","930"
"3896LT",1,"","88"
"3896LT",1,"","692"
"3896LT",1,"","798"
"3896LT",1,"","613"
"3896LT",1,"","794"
"3896LT",1,"","796"
"3896LT",1,"","749"
"3896LT",1,"","967"
"3896LT",1,"","855"
"3896LT",1,"","683"
"3896LT",1,"","686"
"3896LT",1,"","687"
"3896LT",1,"","740"
"3896LT",1,"","684"
"3896LT",1,"","1219"
"3896LT",1,"","900"
"3896LT",1,"","841"
"3896LT",1,"","859"
"3896LT",1,"","856"
"3896LT",1,"","671"
"3896LT",1,"","745"
"3896LT",1,"","835"
"3896LT",1,"","776"
"3896LT",1,"","743"
"3896LT",1,"","746"
"3896LT",1,"","743"
"3896LT",1,"","832"
"3896LT",1,"","774"
"3896LT",1,"","875"
"3896LT",5,"A",""
"3896LT",1,"","2"
"3896LT",1,"","820"
"3896LT",1,"","756"
"3896LT",18,"",""
"3896LT",1,"","18"
"3896LT",1,"","925"
"3896LT",1,"","17"
"3896LT",1,"","752"
"3896LT",1,"","757"
"3896LT",1,"","930"
"3896LT",1,"","987"
"3896LT",1,"","611"
"3896LT",1,"","1003"
"3896LT",1,"","881"
"3896LT",1,"","713"
"3896LT",1,"","1006"
"3896LT",1,"","1004"
"3896LT",1,"","75"
"3896LT",1,"","966"
"3896LT",1,"","966"
"3896LT",1,"","1218"
"3896LT",1,"","1218"
"3896LT",1,"","607"
"3896LT",1,"","740"
"3896LT",1,"","74"
"3896LT",1,"","858"
"3896LT",1,"","741"
"3896LT",1,"","684"
"3896LT",1,"","741"
"3896LT",1,"","1223"
"3896LT",1,"","727"
"3896LT",1,"","859"
"3896LT",1,"","1220"
"3896LT",1,"","51"
"3896LT",1,"","49"
"3896LT",1,"","833"
"3896LT",1,"","776"
"3896LT",1,"","664"
"3896LT",1,"","824"
"3896LT",1,"","756"
"3896LT",1,"","754"
"3896LT",1,"","16"
"3896LT",1,"","65"
"3896LT",1,"","20"
"3896LT",1,"","625"
"3896LT",1,"","805"
"3896LT",1,"","624"
"3896LT",1,"","753"
"3896LT",1,"","923"
"3896LT",1,"","700"
"3896LT",1,"","759"
"3896LT",1,"","24"
"3896LT",1,"","1002"
"3896LT",1,"","1000"
"3896LT",1,"","712"
"3896LT",1,"","712"
"3896LT",1,"","796"
"3896LT",1,"","1005"
"3896LT",1,"","965"
"3896LT",1,"","693"
"3896LT",1,"","737A"
"3896LT",1,"","1217"
"3896LT",1,"","606"
"3896LT",1,"","913"
"3896LT",1,"","1217"
"3896LT",1,"","914"
"3896LT",1,"","739"
"3896LT",1,"","74"
"3896LT",1,"","900"
"3896LT",1,"","1207"
"3896LT",1,"","915"
"3896LT",1,"","836"
"3896LT",1,"","667"
"3896LT",1,"","67"
"3896LT",1,"","793"
"3896LT",1,"","61"
"3896LT",1,"","44"
"3896LT",1,"","825"
"3896LT",1,"","873"
"3896LT",1,"","754"
"3896LT",1,"","695"
"3896LT",1,"","927"
"3896LT",1,"","926"
"3896LT",1,"","928"
"3896LT",1,"","804"
"3896LT",1,"","925"
"3896LT",1,"","14"
"3896LT",1,"","625"
"3896LT",1,"","626"
"3896LT",1,"","757"
"3896LT",1,"","22"
"3896LT",1,"","985"
"3896LT",1,"","1003"
"3896LT",1,"","1001"
"3896LT",1,"","1"
"3896LT",1,"","764"
"3896LT",1,"","1003"
"3896LT",1,"","972"
"3896LT",1,"","98"
"3896LT",1,"","75"
"3896LT",1,"","605"
"3896LT",1,"","964"
"3896LT",1,"","1204"
"3896LT",1,"","608"
"3896LT",1,"","1205"
"3896LT",1,"","914"
"3896LT",1,"","913"
"3896LT",1,"","737C"
"3896LT",1,"","738"
"3896LT",1,"","739"
"3896LT",1,"","90"
"3896LT",1,"","688"
"3896LT",1,"","744"
"3896LT",1,"","47"
"3896LT",1,"","666"
"3896LT",1,"","5"
"3896LT",57,"",""
"3896LT",1,"","773"
"3896LT",41,"",""
"3896LT",1,"","867"
"3896LT",1,"","868"
"3896LT",1,"","929"
"3896LT",1,"","928"
"3896LT",1,"","982"
"3896LT",1,"","803"
"3896LT",1,"","803"
"3896LT",1,"","752"
"3896LT",1,"","922"
"3896LT",1,"","922"
"3896LT",1,"","923"
"3896LT",1,"","758"
"3896LT",1,"","986"
"3896LT",1,"","758"
"3896LT",1,"","711"
"3896LT",1,"","1002"
"3896LT",1,"","880"
"3896LT",1,"","938"
"3896LT",1,"","1004"
"3896LT",1,"","886"
"3896LT",1,"","980"
"3896LT",1,"","802"
"3896LT",1,"","1226"
"3896LT",1,"","1202"
"3896LT",1,"","896"
"3896LT",1,"","72"
"3896LT",1,"","1203"
"3896LT",1,"","896"
"3896LT",1,"","737C"
"3896LT",1,"","1206"
"3896LT",1,"","899"
"3896LT",1,"","738"
"3896LT",1,"","727"
"3896LT",1,"","725"
"3896LT",1,"","46"
"3896LT",1,"","839"
"3896LT",1,"","48"
"3896LT",1,"","830"
"3896LT",1,"","83"
"3896LT",1,"","698"
"3896LT",1,"","755"
"3896LT",1,"","696"
"3896LT",1,"","627"
"3896LT",1,"","695"
"3896LT",1,"","694"
"3896LT",1,"","981"
"3896LT",1,"","626"
"3896LT",1,"","802"
"3896LT",1,"","13"
"3896LT",1,"","1226"
"3896LT",1,"","894"
"3896LT",1,"","808"
"3896LT",1,"","808"
"3896LT",1,"","628"
"3896LT",1,"","879"
"3896LT",1,"","1003"
"3896LT",1,"","1000"
"3896LT",1,"","764"
"3896LT",1,"","713"
"3896LT",1,"","885"
"3896LT",1,"","886"
"3896LT",1,"","979"
"3896LT",1,"","83"
"3896LT",1,"","663"
"3896LT",1,"","1203"
"3896LT",1,"","722"
"3896LT",1,"","892"
"3896LT",1,"","895"
"3896LT",1,"","722"
"3896LT",1,"","792"
"3896LT",1,"","898"
"3896LT",1,"","726"
"3896LT",1,"","915"
"3896LT",1,"","609"
"3896LT",1,"","832"
"3896LT",1,"","80"
"3896LT",1,"","1006"
"3896LT",1,"","947"
"3896LT",1,"","831"
"3896LT",1,"","820"
"3896LT",1,"","927"
"3896LT",1,"","693"
"3896LT",1,"","868"
"3896LT",1,"","694"
"3896LT",1,"","981"
"3896LT",1,"","921"
"3896LT",1,"","751"
"3896LT",1,"","862"
"3896LT",1,"","1206"
"3896LT",1,"","830"
"3896LT",1,"","864"
"3896LT",1,"","1204"
"3896LT",1,"","22"
"3896LT",1,"","982"
"3896LT",1,"","986"
"3896LT",1,"","932"
"3896LT",1,"","1001"
"3896LT",1,"","881"
"3896LT",1,"","31"
"3896LT",1,"","971"
"3896LT",1,"","84"
"3896LT",1,"","883"
"3896LT",1,"","692"
"3896LT",1,"","774"
"3896LT",1,"","45"
"3896LT",1,"","892"
"3896LT",1,"","891"
"3896LT",1,"","72"
"3896LT",1,"","720"
"3896LT",1,"","723"
"3896LT",1,"","889"
"3896LT",1,"","899"
"3896LT",1,"","726"
"3896LT",1,"","882"
"3896LT",1,"","49"
"3896LT",1,"","724"
"3896LT",1,"","978"
"3896LT",1,"","800"
"3896LT",1,"","874"
"3896LT",1,"","696"
"3896LT",1,"","87"
"3896LT",1,"","806"
"3896LT",1,"","869"
"3896LT",1,"","867"
"3896LT",1,"","869"
"3896LT",1,"","762"
"3896LT",1,"","792"
"3896LT",1,"","765"
"3896LT",1,"","971"
"3896LT",1,"","949"
"3896LT",1,"","831"
"3896LT",1,"","89"
"3896LT",1,"","804"
"3896LT",1,"","805"
"3896LT",1,"","12"
"3896LT",1,"","932"
"3896LT",1,"","880"
"3896LT",1,"",""
"3896LT",1,"","897"
"3896LT",1,"","937"
"3896LT",1,"","725"
"3896LT",1,"","48"
"3896LT",1,"","885"
"3896LT",1,"","883"
"3896LT",1,"","773"
"3896LT",1,"","894"
"3896LT",1,"","721"
"3896LT",1,"","750"
"3896LT",1,"","721"
"3896LT",1,"","895"
"3896LT",1,"","890"
"3896LT",1,"","866"
"3896LT",1,"","724"
"3896LT",1,"","88"
"3896LT",1,"","763"
"3896LT",1,"","772"
"3896LT",1,"","897"
"3896LT",1,"","620"
"3896LT",1,"","823"
"3896LT",1,"","929"
"3896LT",1,"","888"
"3896LT",1,"","1202"
"3896LT",1,"","624"
"3896LT",1,"","87"
"3896LT",1,"","10"
"3896LT",1,"","934"
"3896LT",1,"","43"
"3896LT",1,"","9"
"3896LT",1,"","31"
"3896LT",1,"","919"
"3896LT",1,"","43"
"3896LT",1,"","920"
"3896LT",1,"","1007"
"3896LT",1,"","697"
"3896LT",1,"","637"
"3896LT",1,"","983"
"3896LT",1,"","76"
"3896LT",1,"","890"
"3896LT",1,"","89"
"3896LT",1,"","984"
"3896LT",1,"","710"
"3896LT",1,"","90"
"3896LT",1,"","1205"
"3896LT",1,"","979"
"3896LT",1,"","821"
"3896LT",26,"",""
"3896LT",1,"","801"
"3896LT",1,"","719A"
"3896LT",1,"","1201"
"3896LT",1,"","891"
"3896LT",1,"","751"
"3896LT",1,"","806"
"3896LT",1,"","771"
"3896LT",1,"","44"
"3896LT",1,"","3"
"3896LT",1,"","761"
"3896LT",1,"","949"
"3896LT",1,"","715"
"3896LT",1,"","749"
"3896LT",1,"","698"
"3896LT",1,"","870"
"3896LT",1,"","719A"
"3896LT",1,"","718"
"3896LT",1,"","23"
"3896LT",1,"","1201"
"3896LT",1,"","719"
"3896LT",1,"","24"
"3896LT",1,"","47"
"3896LT",1,"","898"
"3896LT",1,"","993"
"3896LT",1,"","45"
"3896LT",1,"","42"
"3896LT",1,"","620"
"3896LT",1,"","801"
"3896LT",1,"","863"
"3896LT",1,"","1008"
"3896LT",1,"","720"
"3896LT",1,"","718"
"3896LT",1,"","750"
"3896LT",1,"","41"
"3896LT",1,"","76"
"3896LT",1,"","30"
"3896LT",1,"","64"
"3896LT",1,"","714"
"3896LT",1,"","978"
"3896LT",1,"","21"
"3896LT",1,"","638"
"3896LT",1,"","865"
"3896LT",1,"","1225"
"3896LT",1,"","719"
"3896LT",1,"","1009"
"3896LT",1,"","92"
"3896LT",1,"","717"
"3896LT",1,"","888"
"3896LT",1,"","947"
"3896LT",1,"","762"
"3896LT",1,"","824"
"3896LT",1,"","823"
"3896LT",1,"","715"
"3896LT",1,"","942"
"3896LT",1,"","1007"
"3896LT",1,"","814"
"3896LT",1,"","622"
"3896LT",1,"","716"
"3896LT",1,"","8"
"3896LT",1,"","1008"
"3896LT",1,"","39"
"3896LT",1,"","807"
"3896LT",1,"","46"
"3896LT",1,"","991"
"3896LT",1,"","970"
"3896LT",1,"","772"
"3896LT",1,"","871"
"3896LT",1,"","926"
"3896LT",1,"","80"
"3896LT",1,"","1225"
"3896LT",1,"","974"
"3896LT",1,"","941"
"3896LT",1,"","617"
"3896LT",1,"","39"
"3896LT",1,"","889"
"3896LT",1,"","937"
"3896LT",1,"","64"
"3896LT",1,"","723"
"3896LT",1,"","992"
"3896LT",1,"","799"
"3896LT",1,"","798"
"3896LT",1,"","870"
"3896LT",1,"","622"
"3896LT",1,"","623"
"3896LT",1,"","814"
"3896LT",1,"","938"
"3896LT",1,"","920"
"3896LT",1,"","621"
"3896LT",1,"","42"
"3896LT",1,"","936"
"3896LT",1,"","761"
"3896LT",1,"","639"
"3896LT",1,"","871"
"3896LT",1,"","819"
"3896LT",1,"","941"
"3896LT",1,"","94"
"3896LT",1,"","765"
"3896LT",1,"","63"
"3896LT",1,"","991"
"3896LT",1,"","619"
"3896LT",1,"","621"
"3896LT",1,"","985"
"3896LT",1,"","946"
"3896LT",1,"","36"
"3896LT",1,"","29"
"3896LT",1,"","812"
"3896LT",1,"","942"
"3896LT",1,"","866"
"3896LT",1,"","815"
"3896LT",1,"","816"
"3896LT",1,"","996"
"3896LT",1,"","995"
"3896LT",1,"","32"
"3896LT",1,"","11"
"3896LT",1,"","77"
"3896LT",1,"","711"
"3896LT",1,"","763"
"3896LT",1,"","768"
"3896LT",1,"","65"
"3896LT",1,"","639"
"3896LT",1,"","970"
"3896LT",1,"","614"
"3896LT",1,"","631"
"3896LT",1,"","26"
"3896LT",1,"","27"
"3896LT",1,"","630"
"3896LT",1,"","714"
"3896LT",1,"","41"
"3896LT",1,"","771"
"3896LT",1,"","997"
"3896LT",1,"","935"
"3896LT",1,"","27"
"3896LT",1,"","30"
"3896LT",1,"","82"
"3896LT",1,"","995"
"3896LT",1,"","623"
"3896LT",1,"","638"
"3896LT",1,"","994"
"3896LT",1,"","813B"
"3896LT",1,"","990"
"3896LT",1,"","717"
"3896LT",1,"","770"
"3896LT",1,"","23"
"3896LT",1,"","769"
"3896LT",1,"","77"
"3896LT",1,"","997"
"3896LT",1,"","935"
"3896LT",1,"","813"
"3896LT",1,"","760"
"3896LT",1,"","933"
"3896LT",1,"","760"
"3896LT",1,"","28"
"3896LT",1,"","811"
"3896LT",1,"","62"
"3896LT",1,"","617"
"3896LT",1,"","770"
"3896LT",1,"","983"
"3896LT",1,"","933"
"3896LT",1,"","936"
"3896LT",1,"","4"
"3896LT",1,"","815"
"3896LT",1,"","980"
"3896LT",1,"","817"
"3896LT",1,"","816"
"3896LT",1,"","634"
"3896LT",1,"","633"
"3896LT",1,"","799"
"3896LT",1,"","919"
"3896LT",1,"","945"
"3896LT",1,"","946"
"3896LT",1,"","37"
"3896LT",1,"","766"
"3896LT",1,"","934"
"3896LT",1,"","28"
"3896LT",1,"","984"
"3896LT",1,"","767"
"3896LT",1,"","987"
"3896LT",1,"","812"
"3896LT",1,"","63"
"3896LT",1,"","632"
"3896LT",1,"","716"
"3896LT",1,"","944"
"3896LT",1,"","921"
"3896LT",1,"","628"
"3896LT",1,"","630"
"3896LT",1,"","865"
"3896LT",1,"","996"
"3896LT",1,"","92"
"3896LT",1,"","36"
"3896LT",1,"","817"
"3896LT",1,"","818"
"3896LT",1,"","29"
"3896LT",1,"","990"
"3896LT",1,"","994"
"3896LT",1,"","1009"
"3896LT",1,"","619"
"3896LT",1,"","38"
"3896LT",1,"","37"
"3896LT",1,"","38"
"3896LT",1,"","25"
"3896LT",1,"","800"
"3896LT",1,"","35"
"3896LT",1,"","33"
"3896LT",1,"","818"
"3896LT",1,"","813B"
"3896LT",1,"","26"
"3896LT",1,"","989"
"3896LT",1,"","62"
"3896LT",1,"","977"
"3896LT",1,"","768"
"3896LT",1,"","40"
"3896LT",1,"","40"
"3896LT",1,"","767"
"3896LT",1,"","944"
"3896LT",1,"","34"
"3896LT",1,"","35"
"3896LT",1,"","82"
"3896LT",1,"","819"
"3896LT",1,"","25"
"3896LT",1,"","629"
"3896LT",1,"","635"
"3896LT",1,"","940"
"3896LT",1,"","943"
"3896LT",1,"","94"
"3896LT",1,"","618"
"3896LT",1,"","769"
"3896LT",1,"","975"
"3896LT",1,"","633"
"3896LT",1,"","976"
"3896LT",1,"","34"
"3896LT",1,"","637"
"3896LT",1,"","943"
"3896LT",1,"","81"
"3896LT",1,"","81"
"3896LT",1,"","811"
"3896LT",1,"","32"
"3896LT",1,"","974"
"3896LT",1,"","939"
"3896LT",1,"","616"
"3896LT",1,"","615"
"3896LT",1,"","813A"
"3896LT",1,"","975"
"3896LT",1,"","33"
"3896LT",1,"","629"
"3896LT",1,"","973"
"3896LT",1,"","809"
"3896LT",1,"","989"
"3896LT",1,"","940"
"3896LT",1,"","807"
"3896LT",1,"","977"
"3896LT",1,"","939"
"3896LT",1,"","993"
"3896LT",1,"","636"
"3896LT",1,"","766"
"3896LT",1,"","635"
"3896LT",1,"","809"
"3896LT",1,"","976"
"3896LT",1,"","631"
"3896LT",1,"","992"
"3896LT",1,"","813A"
"3896LT",1,"","632"
"3896LT",1,"","634"
"3896LT",1,"","973"
"3896LT",1,"","636"
"3896LT",1,"","627"
"3896LT",1,"","813"
"3896LV",7,"B",""
"3896LV",14,"A","10"
"3896LV",2,"",""
"3896LV",5,"A",""
"3896LV",7,"A",""
"3896LV",7,"A",""
"3896LV",1,"",""
"3896LV",7,"",""
"3896LV",5,"A",""
"3896LV",5,"A",""
"3896LV",5,"",""
"3896LV",5,"",""
"3896LV",5,"",""
"3896LV",6,"",""
"3896LW",2,"",""
"3896LW",6,"",""
"3896LW",5,"",""
"3896LX",2,"A",""
"3896LX",2,"A",""
"3896LX",10,"",""
"3896LX",2,"A",""
"3896LX",2,"",""
"3896LX",2,"A",""
"3896LX",5,"",""
"3896LX",1,"",""
"3896LZ",37,"",""
"3896LZ",17,"",""
"3896LZ",46,"",""
"3896LZ",42,"A",""
"3896LZ",9,"",""
"3896LZ",1,"",""
"3896LZ",26,"",""
"3896LZ",38,"",""
"3896LZ",30,"",""
"3896LZ",10,"",""
"3896LZ",34,"",""
"3896LZ",49,"B",""
"3896LZ",2,"",""
"3896LZ",49,"",""
"3896LZ",13,"",""
"3896LZ",42,"",""
"3896LZ",49,"A",""
"3896LZ",40,"",""
"3896LZ",6,"",""
"3896LZ",45,"",""
"3896LZ",25,"",""
"3896LZ",19,"",""
"3896LZ",22,"",""
"3896LZ",41,"",""
"3896LZ",14,"",""
"3896LZ",24,"",""
"3896MA",28,"",""
"3896MA",26,"",""
"3896MA",28,"",""
"3896MB",5,"A","22"
"3896MB",5,"A","4"
"3896MB",5,"A","39"
"3896MB",5,"A","2"
"3896MB",5,"A","42"
"3896MB",5,"A","40"
"3896MB",13,"",""
"3896MB",5,"A","45"
"3896MB",5,"A","36"
"3896MB",5,"A","20"
"3896MB",5,"A","25"
"3896MB",15,"",""
"3896MB",5,"A","34"
"3896MB",13,"",""
"3896MB",5,"A","31"
"3896MB",5,"A","41"
"3896MB",5,"A","32"
"3896MB",5,"A","19"
"3896MB",5,"A","48"
"3896MB",5,"A","5"
"3896MB",5,"A","63"
"3896MB",5,"A","37"
"3896MB",5,"A","50"
"3896MB",5,"A","15"
"3896MB",13,"",""
"3896MB",5,"A","23"
"3896MB",5,"A","33"
"3896MB",5,"A","64"
"3896MB",5,"A","74"
"3896MB",5,"A","38"
"3896MB",5,"A","71"
"3896MB",5,"A","17"
"3896MB",5,"A","30"
"3896MB",5,"A","78"
"3896MB",5,"A","46"
"3896MB",5,"A","11"
"3896MB",5,"A","18"
"3896MB",5,"A","26"
"3896MB",5,"A","47"
"3896MB",5,"A","21"
"3896MB",5,"A","60"
"3896MB",5,"A","65"
"3896MB",5,"A","35"
"3896MB",5,"A","16"
"3896MB",5,"A","24"
"3896MB",11,"",""
"3896MB",5,"A","28"
"3896MB",5,"A","10"
"3896MB",5,"A","53"
"3896MB",5,"A","14"
"3896MB",5,"A","43"
"3896MB",5,"A","44"
"3896MB",5,"A","69"
"3896MB",5,"A","67"
"3896MB",5,"A","56"
"3896MB",5,"A","3"
"3896MB",5,"A","29"
"3896MB",5,"A","6"
"3896MB",5,"A","58"
"3896MB",5,"A","13"
"3896MB",5,"A","62"
"3896MB",5,"A","58"
"3896MB",5,"A","49"
"3896MB",5,"A","73"
"3896MB",5,"A","1"
"3896MB",5,"A","73"
"3896MB",5,"A","57"
"3896MB",5,"A","54"
"3896MB",5,"A","75"
"3896MB",5,"A","57"
"3896MB",5,"A","51"
"3896MB",9,"",""
"3896MB",11,"",""
"3896MB",5,"A","52"
"3896MB",5,"A","56"
"3896MB",5,"A","74"
"3896MB",5,"A","27"
"3896MB",5,"A","66"
"3896MB",5,"A","54"
"3896MB",5,"A","75"
"3896MB",5,"A","68"
"3896MB",5,"A","7"
"3896MB",5,"A","59"
"3896MB",5,"A","9"
"3896MB",5,"A","55"
"3896MB",5,"A","77"
"3896MB",11,"",""
"3896MB",5,"A","55"
"3896MB",5,"A","12"
"3896MB",5,"A","8"
"3896MB",5,"A","70"
"3896MB",11,"",""
"3896MB",11,"",""
"3896MB",5,"A","61"
"3896MB",5,"A","72"
"3896MB",5,"A","76"
"3896MC",10,"",""
"3897AA",8,"",""
"3897AA",6,"",""
"3897AA",51,"",""
"3897AA",17,"",""
"3897AA",30,"",""
"3897AA",32,"",""
"3897AA",18,"",""
"3897AA",34,"",""
"3897AA",3,"",""
"3897AA",20,"",""
"3897AA",1,"",""
"3897AA",24,"",""
"3897AA",17,"",""
"3897AA",10,"",""
"3897LV",16,"J","2"
"3897LV",14,"","152"
"3897LV",14,"A","19"
"3897LV",25,"","50"
"3897LV",25,"","51"
"3897LV",16,"Q","7"
"3897LV",25,"","49"
"3897LV",16,"A","1"
"3897LV",14,"A","2"
"3897LV",25,"","55"
"3897LV",25,"","54"
"3897LV",25,"","39"
"3897LV",14,"D","5"
"3897LV",25,"","42"
"3897LV",14,"D","6"
"3897LV",25,"","56"
"3897LV",16,"",""
"3897LV",25,"","43"
"3897LV",14,"","151"
"3897LV",25,"","44"
"3897LV",16,"",""
"3897LV",14,"A","16"
"3897LV",25,"","46"
"3897LV",25,"","36"
"3897LV",25,"","37"
"3897LV",25,"","52"
"3897LV",25,"","33"
"3897LV",16,"Q","7"
"3897LV",14,"A","17"
"3897LV",25,"","47"
"3897LV",14,"A","2"
"3897LV",14,"","131"
"3897LV",14,"","14"
"3897LV",14,"D","4"
"3897LV",14,"D","3"
"3897LV",25,"","45"
"3897LV",25,"","38"
"3897LV",16,"R",""
"3897LV",14,"D","2"
"3897LV",16,"Q","8"
"3897LV",16,"B","5"
"3897LV",25,"","53"
"3897LV",14,"A","18"
"3897LV",14,"","147"
"3897LV",14,"","145"
"3897LV",16,"",""
"3897LV",14,"S",""
"3897LV",14,"A","1"
"3897LV",14,"C","9"
"3897LV",14,"C","6"
"3897LV",16,"Q","8"
"3897LV",14,"C","7"
"3897LV",14,"C","7"
"3897LV",16,"Q","4"
"3897LV",14,"","15"
"3897LV",16,"J","2"
"3897LV",16,"H","8"
"3897LV",14,"","140"
"3897LV",14,"","130"
"3897LV",14,"U",""
"3897LV",16,"H","1"
"3897LV",16,"G","6"
"3897LV",25,"","4"
"3897LV",16,"Q","4"
"3897LV",14,"C","8"
"3897LV",16,"Q","3"
"3897LV",16,"Q","3"
"3897LV",14,"C","7"
"3897LV",25,"","75"
"3897LV",14,"","150"
"3897LV",25,"","57"
"3897LV",14,"","146"
"3897LV",14,"V",""
"3897LV",14,"","132"
"3897LV",14,"","13"
"3897LV",16,"Q","5"
"3897LV",14,"D","1"
"3897LV",14,"C","8"
"3897LV",14,"","92"
"3897LV",14,"C","3"
"3897LV",16,"K","1"
"3897LV",16,"B","7"
"3897LV",14,"F","7"
"3897LV",25,"","48"
"3897LV",14,"A","13"
"3897LV",25,"","35"
"3897LV",14,"","155"
"3897LV",14,"Y",""
"3897LV",16,"G","6"
"3897LV",25,"","32"
"3897LV",14,"C","5"
"3897LV",14,"C","4"
"3897LV",16,"Q","5"
"3897LV",16,"B","3"
"3897LV",14,"A","3"
"3897LV",25,"","74"
"3897LV",25,"","5"
"3897LV",16,"B","8"
"3897LV",16,"J","8"
"3897LV",25,"","34"
"3897LV",16,"S",""
"3897LV",16,"G","5"
"3897LV",14,"X",""
"3897LV",16,"H","1"
"3897LV",14,"","98"
"3897LV",16,"G","5"
"3897LV",14,"C","4"
"3897LV",25,"","7"
"3897LV",16,"J","6"
"3897LV",16,"A","1"
"3897LV",14,"","148"
"3897LV",14,"A","14"
"3897LV",33,"",""
"3897LV",14,"A","10"
"3897LV",14,"","133"
"3897LV",16,"H","5"
"3897LV",14,"C","6"
"3897LV",14,"C","5"
"3897LV",14,"","127"
"3897LV",16,"B","6"
"3897LV",16,"B","3"
"3897LV",16,"J","7"
"3897LV",14,"A","28"
"3897LV",25,"","70"
"3897LV",25,"","181"
"3897LV",14,"A","15"
"3897LV",25,"","187"
"3897LV",16,"B","6"
"3897LV",16,"H","2"
"3897LV",14,"","97"
"3897LV",14,"","91"
"3897LV",16,"J","3"
"3897LV",16,"Q","6"
"3897LV",14,"","162"
"3897LV",14,"","161"
"3897LV",16,"J","6"
"3897LV",16,"J","1"
"3897LV",14,"","149"
"3897LV",16,"D","5"
"3897LV",14,"","99"
"3897LV",14,"A","1"
"3897LV",14,"F","6"
"3897LV",14,"C","23"
"3897LV",25,"","203"
"3897LV",14,"M","4"
"3897LV",25,"","20"
"3897LV",16,"Q","6"
"3897LV",16,"J","8"
"3897LV",25,"","199"
"3897LV",25,"","189"
"3897LV",25,"","192"
"3897LV",14,"","141"
"3897LV",25,"","175"
"3897LV",16,"D","4"
"3897LV",14,"Z",""
"3897LV",14,"","154"
"3897LV",25,"","71"
"3897LV",14,"F","5"
"3897LV",14,"M","2"
"3897LV",16,"B","5"
"3897LV",14,"C","30"
"3897LV",14,"L","7"
"3897LV",14,"A","29"
"3897LV",16,"A","2"
"3897LV",25,"","188"
"3897LV",14,"A","11"
"3897LV",14,"","139"
"3897LV",25,"","174"
"3897LV",16,"H","6"
"3897LV",16,"G","4"
"3897LV",14,"C","3"
"3897LV",16,"B","4"
"3897LV",16,"A","2"
"3897LV",14,"E","8"
"3897LV",25,"","65"
"3897LV",14,"K","8"
"3897LV",16,"U",""
"3897LV",16,"J","1"
"3897LV",14,"K","4"
"3897LV",25,"","167"
"3897LV",14,"","134"
"3897LV",16,"D","3"
"3897LV",25,"","165"
"3897LV",16,"D","4"
"3897LV",14,"","114"
"3897LV",25,"","202"
"3897LV",14,"","111"
"3897LV",16,"P","6"
"3897LV",14,"F","4"
"3897LV",25,"","197"
"3897LV",25,"","191"
"3897LV",16,"H","8"
"3897LV",16,"H","4"
"3897LV",25,"","92"
"3897LV",16,"H","7"
"3897LV",14,"","128"
"3897LV",14,"","120"
"3897LV",14,"","31"
"3897LV",14,"A","3"
"3897LV",16,"B","4"
"3897LV",14,"","90"
"3897LV",25,"","201"
"3897LV",14,"L","6"
"3897LV",14,"","09"
"3897LV",14,"L","4"
"3897LV",14,"","28"
"3897LV",14,"","142"
"3897LV",14,"","30"
"3897LV",14,"K","5"
"3897LV",14,"A","6"
"3897LV",14,"C","25"
"3897LV",14,"M","8"
"3897LV",14,"L","8"
"3897LV",14,"","153"
"3897LV",25,"","67"
"3897LV",25,"","64"
"3897LV",25,"","195"
"3897LV",14,"K","8"
"3897LV",16,"H","2"
"3897LV",2,"",""
"3897LV",16,"H","5"
"3897LV",16,"H","6"
"3897LV",14,"","129"
"3897LV",14,"","26"
"3897LV",25,"","99"
"3897LV",36,"",""
"3897LV",14,"","161"
"3897LV",16,"B","2"
"3897LV",16,"P","4"
"3897LV",14,"M","1"
"3897LV",25,"","196"
"3897LV",25,"","193"
"3897LV",16,"",""
"3897LV",6,"A",""
"3897LV",16,"K","7"
"3897LV",25,"","17"
"3897LV",14,"","89"
"3897LV",14,"M","6"
"3897LV",14,"","160"
"3897LV",16,"V",""
"3897LV",14,"","162"
"3897LV",14,"D","8"
"3897LV",16,"J","5"
"3897LV",25,"","2"
"3897LV",25,"","176"
"3897LV",25,"","19"
"3897LV",25,"","31"
"3897LV",14,"C","29"
"3897LV",16,"Q","2"
"3897LV",16,"K","7"
"3897LV",25,"","128"
"3897LV",25,"","9"
"3897LV",16,"Q","1"
"3897LV",14,"C","21"
"3897LV",14,"M","5"
"3897LV",16,"J","3"
"3897LV",14,"","11"
"3897LV",14,"L","5"
"3897LV",14,"","27"
"3897LV",25,"","93"
"3897LV",14,"K","5"
"3897LV",14,"A","8"
"3897LV",14,"","12"
"3897LV",14,"C","22"
"3897LV",14,"M","3"
"3897LV",25,"","98"
"3897LV",14,"","32"
"3897LV",16,"V",""
"3897LV",16,"B","2"
"3897LV",25,"","78"
"3897LV",25,"","198"
"3897LV",25,"","193"
"3897LV",16,"H","3"
"3897LV",16,"G","4"
"3897LV",16,"Q","2"
"3897LV",25,"","131"
"3897LV",25,"","164"
"3897LV",25,"","13"
"3897LV",14,"","115"
"3897LV",14,"N","3"
"3897LV",16,"A","7"
"3897LV",25,"","96"
"3897LV",14,"","112"
"3897LV",16,"R",""
"3897LV",14,"L","3"
"3897LV",6,"",""
"3897LV",16,"D","1"
"3897LV",14,"",""
"3897LV",25,"","22"
"3897LV",14,"C","26"
"3897LV",25,"","205"
"3897LV",14,"A","4"
"3897LV",25,"B",""
"3897LV",30,"",""
"3897LV",14,"","113"
"3897LV",34,"",""
"3897LV",14,"","101"
"3897LV",16,"C","1"
"3897LV",14,"K","6"
"3897LV",16,"H","7"
"3897LV",16,"H","4"
"3897LV",25,"","82"
"3897LV",14,"B","13"
"3897LV",14,"A","6"
"3897LV",25,"","21"
"3897LV",16,"A","8"
"3897LV",25,"","66"
"3897LV",25,"A",""
"3897LV",14,"A","27"
"3897LV",16,"U",""
"3897LV",14,"","105"
"3897LV",14,"L","2"
"3897LV",14,"B","17"
"3897LV",14,"K","7"
"3897LV",25,"","25"
"3897LV",25,"","3"
"3897LV",14,"M","7"
"3897LV",14,"H","6"
"3897LV",16,"K","5"
"3897LV",14,"B","18"
"3897LV",16,"P","6"
"3897LV",25,"","97"
"3897LV",25,"","68"
"3897LV",14,"","35"
"3897LV",14,"","104"
"3897LV",14,"L","1"
"3897LV",14,"E","7"
"3897LV",16,"L","1"
"3897LV",14,"A","7"
"3897LV",14,"B","10"
"3897LV",14,"C","27"
"3897LV",25,"","24"
"3897LV",14,"N","2"
"3897LV",25,"","128"
"3897LV",14,"","159"
"3897LV",25,"","95"
"3897LV",14,"","110"
"3897LV",16,"X",""
"3897LV",16,"B","7"
"3897LV",14,"A","12"
"3897LV",16,"H","3"
"3897LV",14,"Q","6"
"3897LV",14,"P","5"
"3897LV",14,"A","8"
"3897LV",25,"","129"
"3897LV",14,"A","5"
"3897LV",16,"P","5"
"3897LV",25,"","128"
"3897LV",16,"Q","1"
"3897LV",14,"","29"
"3897LV",14,"","100"
"3897LV",25,"","194"
"3897LV",25,"","89"
"3897LV",16,"L","1"
"3897LV",14,"K","4"
"3897LV",25,"","80"
"3897LV",14,"C","28"
"3897LV",14,"P","4"
"3897LV",25,"","63"
"3897LV",14,"A","7"
"3897LV",14,"","156"
"3897LV",16,"K","6"
"3897LV",14,"R",""
"3897LV",16,"L","5"
"3897LV",14,"B","2"
"3897LV",14,"B","2"
"3897LV",16,"C","1"
"3897LV",14,"","121"
"3897LV",14,"","119"
"3897LV",14,"B","1"
"3897LV",25,"","84"
"3897LV",14,"N","4"
"3897LV",14,"","156"
"3897LV",16,"P","5"
"3897LV",14,"N","6"
"3897LV",16,"P","3"
"3897LV",14,"C","20"
"3897LV",14,"","102"
"3897LV",25,"","18"
"3897LV",14,"","122"
"3897LV",16,"L","2"
"3897LV",14,"B","12"
"3897LV",14,"Q","2"
"3897LV",25,"","29"
"3897LV",25,"","130"
"3897LV",25,"","69"
"3897LV",14,"H","5"
"3897LV",16,"K","4"
"3897LV",16,"K","5"
"3897LV",16,"L","3"
"3897LV",25,"","99"
"3897LV",14,"B","19"
"3897LV",6,"a",""
"3897LV",16,"S",""
"3897LV",14,"E","5"
"3897LV",14,"B","11"
"3897LV",25,"","81"
"3897LV",25,"","23"
"3897LV",25,"","88"
"3897LV",14,"","155"
"3897LV",16,"A","3"
"3897LV",16,"A","5"
"3897LV",25,"","58"
"3897LV",14,"","125"
"3897LV",14,"Q","8"
"3897LV",14,"J","3"
"3897LV",14,"","123"
"3897LV",14,"C","24"
"3897LV",14,"","87"
"3897LV",14,"","160"
"3897LV",14,"B","14"
"3897LV",16,"A","7"
"3897LV",14,"N","1"
"3897LV",14,"Q","5"
"3897LV",14,"","109"
"3897LV",14,"","106"
"3897LV",14,"","103"
"3897LV",14,"","08"
"3897LV",16,"D","2"
"3897LV",16,"D","1"
"3897LV",25,"","87"
"3897LV",16,"K","8"
"3897LV",14,"","17"
"3897LV",25,"","27"
"3897LV",25,"","26"
"3897LV",14,"","168"
"3897LV",25,"","86"
"3897LV",14,"H","7"
"3897LV",14,"A","5"
"3897LV",25,"","127"
"3897LV",14,"H","7"
"3897LV",16,"L","6"
"3897LV",14,"J","2"
"3897LV",14,"B","3"
"3897LV",16,"B","8"
"3897LV",14,"E","6"
"3897LV",14,"","170"
"3897LV",14,"B","15"
"3897LV",16,"A","5"
"3897LV",14,"D","7"
"3897LV",14,"F","1"
"3897LV",16,"A","3"
"3897LV",16,"J","4"
"3897LV",25,"","62"
"3897LV",14,"Q","7"
"3897LV",14,"","126"
"3897LV",16,"G","3"
"3897LV",25,"","28"
"3897LV",14,"Q","3"
"3897LV",14,"","118"
"3897LV",14,"P","2"
"3897LV",16,"A","8"
"3897LV",16,"J","7"
"3897LV",14,"","84"
"3897LV",14,"C","2"
"3897LV",16,"P","4"
"3897LV",14,"","108"
"3897LV",16,"D","2"
"3897LV",14,"","03"
"3897LV",14,"","24"
"3897LV",16,"K","8"
"3897LV",16,"K","6"
"3897LV",16,"C","4"
"3897LV",25,"","118"
"3897LV",14,"","170"
"3897LV",14,"E","4"
"3897LV",14,"","168"
"3897LV",25,"","119"
"3897LV",14,"H","6"
"3897LV",16,"K","3"
"3897LV",16,"J","4"
"3897LV",14,"","158"
"3897LV",14,"","124"
"3897LV",16,"L","5"
"3897LV",14,"B","24"
"3897LV",14,"","164"
"3897LV",16,"A","6"
"3897LV",14,"","157"
"3897LV",14,"N","5"
"3897LV",14,"G","6"
"3897LV",14,"","165"
"3897LV",14,"E","3"
"3897LV",14,"E","1"
"3897LV",14,"","107"
"3897LV",14,"","05"
"3897LV",25,"","94"
"3897LV",14,"Q","1"
"3897LV",14,"R",""
"3897LV",14,"","159"
"3897LV",16,"B","1"
"3897LV",14,"","16"
"3897LV",25,"","11"
"3897LV",14,"","116"
"3897LV",16,"G","3"
"3897LV",14,"","82"
"3897LV",14,"C","18"
"3897LV",16,"K","4"
"3897LV",14,"A","20"
"3897LV",16,"A","4"
"3897LV",14,"","22"
"3897LV",14,"B","1"
"3897LV",25,"","83"
"3897LV",25,"","117"
"3897LV",14,"","163"
"3897LV",16,"A","6"
"3897LV",25,"","1"
"3897LV",14,"G","1"
"3897LV",16,"C","2"
"3897LV",25,"","100"
"3897LV",14,"A","33"
"3897LV",14,"","10"
"3897LV",16,"D","3"
"3897LV",25,"","30"
"3897LV",14,"H","8"
"3897LV",14,"J","2"
"3897LV",16,"X",""
"3897LV",14,"P","3"
"3897LV",14,"","80"
"3897LV",14,"","117"
"3897LV",14,"P","1"
"3897LV",14,"","79"
"3897LV",14,"C","2"
"3897LV",14,"C","19"
"3897LV",14,"","165"
"3897LV",16,"S",""
"3897LV",14,"K","7"
"3897LV",25,"","60"
"3897LV",14,"","88"
"3897LV",14,"","81"
"3897LV",16,"D","8"
"3897LV",16,"D","7"
"3897LV",14,"H","1"
"3897LV",16,"E","6"
"3897LV",14,"","46"
"3897LV",14,"G","3"
"3897LV",14,"H","3"
"3897LV",14,"","06"
"3897LV",14,"","07"
"3897LV",14,"A","23"
"3897LV",16,"C","4"
"3897LV",25,"","159"
"3897LV",25,"","85"
"3897LV",14,"A","25"
"3897LV",14,"F","3"
"3897LV",16,"S",""
"3897LV",14,"","85"
"3897LV",14,"","86"
"3897LV",14,"","75"
"3897LV",14,"","74"
"3897LV",14,"G","5"
"3897LV",16,"K","1"
"3897LV",14,"K","6"
"3897LV",16,"B","1"
"3897LV",14,"","158"
"3897LV",14,"P","6"
"3897LV",14,"","20"
"3897LV",16,"L","4"
"3897LV",14,"","40"
"3897LV",14,"A","30"
"3897LV",14,"","163"
"3897LV",25,"","79"
"3897LV",16,"Z",""
"3897LV",14,"C","17"
"3897LV",16,"P","1"
"3897LV",16,"C","2"
"3897LV",14,"","25"
"3897LV",16,"C","6"
"3897LV",14,"","169"
"3897LV",14,"Q","4"
"3897LV",16,"J","5"
"3897LV",14,"","68"
"3897LV",14,"","83"
"3897LV",14,"C","16"
"3897LV",16,"G","2"
"3897LV",14,"","76"
"3897LV",16,"E","3"
"3897LV",14,"G","2"
"3897LV",14,"","04"
"3897LV",16,"S",""
"3897LV",14,"","157"
"3897LV",25,"","6"
"3897LV",14,"","167"
"3897LV",25,"","12"
"3897LV",25,"","136"
"3897LV",16,"L","4"
"3897LV",16,"E","1"
"3897LV",14,"G","1"
"3897LV",16,"E","4"
"3897LV",16,"N","1"
"3897LV",16,"P","2"
"3897LV",16,"E","7"
"3897LV",14,"","01"
"3897LV",16,"L","2"
"3897LV",25,"","161"
"3897LV",14,"A","24"
"3897LV",14,"A","26"
"3897LV",14,"A","21"
"3897LV",14,"","70"
"3897LV",16,"G","2"
"3897LV",14,"","59"
"3897LV",14,"C","13"
"3897LV",16,"D","6"
"3897LV",14,"F","8"
"3897LV",25,"","162"
"3897LV",14,"H","3"
"3897LV",14,"","164"
"3897LV",25,"","59"
"3897LV",14,"","169"
"3897LV",16,"S",""
"3897LV",25,"","61"
"3897LV",14,"","71"
"3897LV",14,"","61"
"3897LV",14,"","37"
"3897LV",16,"E","1"
"3897LV",16,"P","3"
"3897LV",14,"C","15"
"3897LV",16,"E","5"
"3897LV",14,"","02"
"3897LV",16,"C","8"
"3897LV",14,"K","3"
"3897LV",14,"F","2"
"3897LV",25,"","16"
"3897LV",16,"F","6"
"3897LV",16,"A","4"
"3897LV",14,"","73"
"3897LV",14,"","58"
"3897LV",14,"","63"
"3897LV",16,"E","2"
"3897LV",16,"D","7"
"3897LV",16,"P","2"
"3897LV",14,"G","6"
"3897LV",14,"H","2"
"3897LV",16,"K","2"
"3897LV",14,"B","16"
"3897LV",14,"E","2"
"3897LV",14,"","19"
"3897LV",14,"","166"
"3897LV",14,"A","22"
"3897LV",16,"F","6"
"3897LV",14,"B","23"
"3897LV",16,"F","2"
"3897LV",14,"","60"
"3897LV",14,"","44"
"3897LV",25,"","163"
"3897LV",16,"N","3"
"3897LV",16,"N","4"
"3897LV",14,"A","34"
"3897LV",14,"K","2"
"3897LV",25,"","108"
"3897LV",14,"A","36"
"3897LV",14,"H","1"
"3897LV",16,"F","5"
"3897LV",14,"","65"
"3897LV",14,"J","1"
"3897LV",14,"","36"
"3897LV",14,"","55"
"3897LV",14,"","39"
"3897LV",16,"E","4"
"3897LV",14,"G","4"
"3897LV",16,"C","5"
"3897LV",14,"C","10"
"3897LV",14,"","18"
"3897LV",14,"H","4"
"3897LV",14,"H","4"
"3897LV",16,"F","7"
"3897LV",14,"","64"
"3897LV",16,"F","3"
"3897LV",16,"F","4"
"3897LV",16,"E","2"
"3897LV",14,"K","3"
"3897LV",16,"N","2"
"3897LV",14,"A","9"
"3897LV",14,"C","1"
"3897LV",16,"N","4"
"3897LV",14,"G","3"
"3897LV",25,"","122"
"3897LV",25,"","116"
"3897LV",14,"A","31"
"3897LV",14,"","66"
"3897LV",14,"","72"
"3897LV",14,"","62"
"3897LV",14,"","56"
"3897LV",16,"M","5"
"3897LV",14,"","43"
"3897LV",25,"",""
"3897LV",16,"N","2"
"3897LV",25,"","101"
"3897LV",16,"C","6"
"3897LV",14,"C","1"
"3897LV",16,"Y",""
"3897LV",14,"B","8"
"3897LV",25,"","8"
"3897LV",14,"","69"
"3897LV",16,"G","1"
"3897LV",14,"","38"
"3897LV",14,"C","14"
"3897LV",16,"N","1"
"3897LV",14,"","23"
"3897LV",16,"E","5"
"3897LV",14,"K","1"
"3897LV",14,"","47"
"3897LV",25,"","126"
"3897LV",25,"","160"
"3897LV",16,"M","7"
"3897LV",14,"B","9"
"3897LV",14,"H","2"
"3897LV",16,"K","2"
"3897LV",16,"F","8"
"3897LV",16,"D","5"
"3897LV",14,"","41"
"3897LV",16,"M","3"
"3897LV",16,"N","3"
"3897LV",16,"M","6"
"3897LV",16,"C","3"
"3897LV",16,"Y",""
"3897LV",14,"","45"
"3897LV",25,"","111"
"3897LV",16,"M","6"
"3897LV",14,"A","32"
"3897LV",14,"H","5"
"3897LV",16,"F","5"
"3897LV",16,"F","3"
"3897LV",14,"","57"
"3897LV",16,"P","1"
"3897LV",16,"M","5"
"3897LV",16,"N","6"
"3897LV",14,"","42"
"3897LV",16,"N","5"
"3897LV",14,"A","4"
"3897LV",14,"J","6"
"3897LV",16,"E","3"
"3897LV",14,"J","7"
"3897LV",14,"B","8"
"3897LV",14,"","166"
"3897LV",14,"B","21"
"3897LV",14,"B","6"
"3897LV",16,"D","8"
"3897LV",16,"N","5"
"3897LV",14,"B","7"
"3897LV",16,"C","5"
"3897LV",14,"B","6"
"3897LV",14,"B","7"
"3897LV",14,"K","1"
"3897LV",16,"M","2"
"3897LV",25,"","150"
"3897LV",16,"M","4"
"3897LV",14,"J","8"
"3897LV",16,"F","8"
"3897LV",14,"","21"
"3897LV",16,"C","7"
"3897LV",14,"B","4"
"3897LV",16,"C","7"
"3897LV",16,"L","6"
"3897LV",16,"F","1"
"3897LV",25,"","125"
"3897LV",14,"B","5"
"3897LV",25,"","102"
"3897LV",16,"M","4"
"3897LV",16,"M","3"
"3897LV",16,"M","8"
"3897LV",14,"","67"
"3897LV",25,"","124"
"3897LV",16,"D","6"
"3897LV",16,"F","2"
"3897LV",16,"L","7"
"3897LV",14,"","54"
"3897LV",14,"B","20"
"3897LV",14,"H","8"
"3897LV",16,"N","6"
"3897LV",14,"J","6"
"3897LV",14,"K","2"
"3897LV",14,"B","5"
"3897LV",25,"","151"
"3897LV",25,"","104"
"3897LV",16,"F","7"
"3897LV",16,"F","4"
"3897LV",16,"L","3"
"3897LV",16,"C","3"
"3897LV",14,"B","22"
"3897LV",14,"","167"
"3897LV",14,"","48"
"3897LV",25,"","121"
"3897LV",16,"K","3"
"3897LV",14,"J","4"
"3897LV",14,"J","8"
"3897LV",16,"L","7"
"3897LV",14,"G","5"
"3897LV",25,"","156"
"3897LV",16,"F","1"
"3897LV",16,"C","8"
"3897LV",14,"","51"
"3897LV",14,"","50"
"3897LV",14,"J","1"
"3897LV",16,"E","6"
"3897LV",25,"","103"
"3897LV",14,"","53"
"3897LV",14,"","49"
"3897LV",14,"C","12"
"3897LV",16,"L","8"
"3897LV",14,"G","2"
"3897LV",16,"M","8"
"3897LV",14,"A","35"
"3897LV",25,"","120"
"3897LV",16,"G","1"
"3897LV",25,"","10"
"3897LV",25,"","105"
"3897LV",25,"","106"
"3897LV",16,"E","8"
"3897LV",16,"E","7"
"3897LV",14,"","52"
"3897LV",16,"M","7"
"3897LV",14,"B","4"
"3897LV",25,"","15"
"3897LV",14,"J","7"
"3897LV",16,"E","8"
"3897LV",25,"","107"
"3897LV",25,"","158"
"3897LV",14,"G","4"
"3897LV",25,"","152"
"3897LV",25,"","155"
"3897LV",25,"","153"
"3897LV",25,"","157"
"3897LV",25,"","151"
"3897LV",25,"","153"
"3897LV",14,"J","4"
"3897LV",16,"L","8"
"3897LV",14,"B","3"
"3897LV",14,"C","11"
"3897LV",14,"J","5"
"3897LV",14,"J","5"
"3897LV",16,"M","1"
"3897LV",16,"M","1"
"3897LV",25,"","146"
"3897LV",16,"M","2"
"3897LV",25,"","142"
"3897LV",25,"","14"
"3897LV",14,"J","3"
"3897LX",7,"",""
"3897LX",1,"",""
"3897LX",5,"",""
3896LP,Arkerpad,1,,
3896LP,Arkerpad,5,,
3896LP,Arkerpad,7,,
3897LX,Adelaarsweg,1,,
3897LX,Adelaarsweg,5,,
3897LV,Bosruiterweg,16,,
3897LV,Bosruiterweg,25,,
3897LV,Bosruiterweg,25,,1
3897LV,Bosruiterweg,25,,100
3897LV,Bosruiterweg,25,,101
3897LV,Bosruiterweg,25,,102
3897LV,Bosruiterweg,25,,104
3897LV,Bosruiterweg,25,,105
3897LV,Bosruiterweg,25,,106
3897LV,Bosruiterweg,25,,107
3897LV,Bosruiterweg,25,,11
3897LV,Bosruiterweg,25,,111
3897LV,Bosruiterweg,25,,118
3897LV,Bosruiterweg,25,,12
3897LV,Bosruiterweg,25,,121
3897LV,Bosruiterweg,25,,126
3897LV,Bosruiterweg,25,,129
3897LV,Bosruiterweg,25,,130
3897LV,Bosruiterweg,25,,142
3897LV,Bosruiterweg,25,,152
3897LV,Bosruiterweg,25,,155
3897LV,Bosruiterweg,25,,157
3897LV,Bosruiterweg,25,,158
3897LV,Bosruiterweg,25,,160
3897LV,Bosruiterweg,25,,161
3897LV,Bosruiterweg,25,,165
3897LV,Bosruiterweg,25,,17
3897LV,Bosruiterweg,25,,174
3897LV,Bosruiterweg,25,,175
3897LV,Bosruiterweg,25,,34
3897LV,Bosruiterweg,25,,35
3897LV,Bosruiterweg,25,,36
3897LV,Bosruiterweg,25,,38
3897LV,Bosruiterweg,25,,39
3897LV,Bosruiterweg,25,,42
3897LV,Bosruiterweg,25,,43
3897LV,Bosruiterweg,25,,44
3897LV,Bosruiterweg,25,,45
3897LV,Bosruiterweg,25,,46
3897LV,Bosruiterweg,25,,47
3897LV,Bosruiterweg,25,,48
3897LV,Bosruiterweg,25,,49
3897LV,Bosruiterweg,25,,50
3897LV,Bosruiterweg,25,,53
3897LV,Bosruiterweg,25,,54
3897LV,Bosruiterweg,25,,56
3897LV,Bosruiterweg,25,,57
3897LV,Bosruiterweg,25,,58
3897LV,Bosruiterweg,25,,59
3897LV,Bosruiterweg,25,,6
3897LV,Bosruiterweg,25,,60
3897LV,Bosruiterweg,25,,61
3897LV,Bosruiterweg,25,,63
3897LV,Bosruiterweg,25,,64
3897LV,Bosruiterweg,25,,65
3897LV,Bosruiterweg,25,,66
3897LV,Bosruiterweg,25,,69
3897LV,Bosruiterweg,25,,70
3897LV,Bosruiterweg,25,,75
3897LV,Bosruiterweg,25,,78
3897LV,Bosruiterweg,25,,79
3897LV,Bosruiterweg,25,,80
3897LV,Bosruiterweg,25,,81
3897LV,Bosruiterweg,25,,82
3897LV,Bosruiterweg,25,,84
3897LV,Bosruiterweg,25,,85
3897LV,Bosruiterweg,25,,86
3897LV,Bosruiterweg,25,,88
3897LV,Bosruiterweg,25,,9
3897LV,Bosruiterweg,25,,94
3897LV,Bosruiterweg,25,,95
3897LV,Bosruiterweg,25,,96
3897LV,Bosruiterweg,25,A,
3897LV,Bosruiterweg,25,B,
3897LV,Bosruiterweg,30,,
3897LV,Bosruiterweg,36,,
3897LV,Bosruiterweg,6,,
3897LV,Bosruiterweg,6,a,
3897LV,Bosruiterweg,6,A,
3897LV,Bosruiterweg,25,,18
3897LV,Bosruiterweg,25,,187
3897LV,Bosruiterweg,25,,193
3897LV,Bosruiterweg,25,,194
3897LV,Bosruiterweg,25,,197
3897LV,Bosruiterweg,25,,198
3897LV,Bosruiterweg,25,,199
3897LV,Bosruiterweg,25,,202
3897LV,Bosruiterweg,25,,203
3897LV,Bosruiterweg,25,,205
3897LV,Bosruiterweg,25,,21
3897LV,Bosruiterweg,25,,24
3897LV,Bosruiterweg,25,,25
3897LV,Bosruiterweg,25,,26
3897LV,Bosruiterweg,25,,27
3897LV,Bosruiterweg,25,,28
3897LV,Bosruiterweg,25,,29
3897LV,Bosruiterweg,25,,3
3897LV,Bosruiterweg,25,,30
3897LV,Bosruiterweg,25,,31
3897LV,Bosruiterweg,25,,32
3897LV,Bosruiterweg,25,,33
3897LV,Bosruiterweg,25,,189
3897LV,Bosruiterweg,25,,4
3897LV,Bosruiterweg,25,,116
3897LV,Bosruiterweg,25,,89
3897LV,Bosruiterweg,25,,125
3897LV,Bosruiterweg,25,,22
3897LV,Bosruiterweg,25,,119
3897LV,Bosruiterweg,25,,136
3897LV,Bosruiterweg,25,,7
3897LV,Bosruiterweg,25,,2
3897LV,Bosruiterweg,25,,23
3897LV,Bosruiterweg,25,,15
3897LV,Bosruiterweg,25,,55
3897LV,Bosruiterweg,25,,124
3897LV,Bosruiterweg,25,,5
3897LV,Bosruiterweg,25,,195
3897LV,Bosruiterweg,25,,62
3897LV,Bosruiterweg,25,,67
3897LV,Bosruiterweg,25,,71
3897LV,Bosruiterweg,25,,8
3897LV,Bosruiterweg,25,,83
3897LV,Bosruiterweg,25,,87
3897LV,Bosruiterweg,25,,93
3897LV,Bosruiterweg,25,,98
3897LV,Bosruiterweg,33,,
3897LV,Bosruiterweg,25,,164
3897LV,Bosruiterweg,25,,20
3897LV,Bosruiterweg,25,,146
3897LV,Bosruiterweg,25,,10
3897LV,Bosruiterweg,25,,103
3897LV,Bosruiterweg,25,,108
3897LV,Bosruiterweg,25,,117
3897LV,Bosruiterweg,25,,122
3897LV,Bosruiterweg,25,,131
3897LV,Bosruiterweg,25,,14
3896LT,Dasselaarweg,1,,1
3896LT,Dasselaarweg,1,,10
3896LT,Dasselaarweg,1,,11
3896LT,Dasselaarweg,1,,12
3896LT,Dasselaarweg,1,,14
3896LT,Dasselaarweg,1,,15
3896LT,Dasselaarweg,1,,16
3896LT,Dasselaarweg,1,,17
3896LT,Dasselaarweg,1,,18
3896LT,Dasselaarweg,1,,19
3896LT,Dasselaarweg,1,,2
3896LT,Dasselaarweg,1,,20
3896LT,Dasselaarweg,1,,21
3896LT,Dasselaarweg,1,,23
3896LT,Dasselaarweg,1,,24
3896LT,Dasselaarweg,1,,25
3896LT,Dasselaarweg,1,,26
3896LT,Dasselaarweg,1,,28
3896LT,Dasselaarweg,1,,29
3896LT,Dasselaarweg,1,,3
3896LT,Dasselaarweg,1,,30
3896LT,Dasselaarweg,1,,31
3896LT,Dasselaarweg,1,,33
3896LT,Dasselaarweg,1,,34
3896LT,Dasselaarweg,1,,35
3896LT,Dasselaarweg,1,,36
3896LT,Dasselaarweg,1,,38
3896LT,Dasselaarweg,1,,39
3896LT,Dasselaarweg,1,,4
3896LT,Dasselaarweg,1,,40
3896LT,Dasselaarweg,1,,41
3896LT,Dasselaarweg,1,,43
3896LT,Dasselaarweg,1,,44
3896LT,Dasselaarweg,1,,45
3896LT,Dasselaarweg,1,,46
3896LT,Dasselaarweg,1,,48
3896LT,Dasselaarweg,1,,49
3896LT,Dasselaarweg,1,,50
3896LT,Dasselaarweg,1,,51
3896LT,Dasselaarweg,1,,52
3896LT,Dasselaarweg,1,,54
3896LT,Dasselaarweg,1,,55
3896LT,Dasselaarweg,1,,56
3896LT,Dasselaarweg,1,,58
3896LT,Dasselaarweg,1,,59
3896LT,Dasselaarweg,1,,6
3896LT,Dasselaarweg,1,,60
3896LT,Dasselaarweg,1,,62
3896LT,Dasselaarweg,1,,63
3896LT,Dasselaarweg,1,,64
3896LT,Dasselaarweg,1,,66
3896LT,Dasselaarweg,1,,67
3896LT,Dasselaarweg,1,,68
3896LT,Dasselaarweg,1,,70
3896LT,Dasselaarweg,1,,72
3896LT,Dasselaarweg,1,,73
3896LT,Dasselaarweg,1,,75
3896LT,Dasselaarweg,1,,76
3896LT,Dasselaarweg,1,,77
3896LT,Dasselaarweg,1,,79
3896LT,Dasselaarweg,1,,8
3896LT,Dasselaarweg,1,,80
3896LT,Dasselaarweg,1,,82
3896LT,Dasselaarweg,1,,83
3896LT,Dasselaarweg,1,,84
3896LT,Dasselaarweg,1,,86
3896LT,Dasselaarweg,1,,87
3896LT,Dasselaarweg,1,,88
3896LT,Dasselaarweg,1,,9
3896LT,Dasselaarweg,1,,90
3896LT,Dasselaarweg,1,,91
3896LT,Dasselaarweg,1,,93
3896LT,Dasselaarweg,1,,94
3896LT,Dasselaarweg,1,,95
3896LT,Dasselaarweg,1,,97
3896LT,Dasselaarweg,1,,98
3896LT,Dasselaarweg,1,A,
3896LT,Dasselaarweg,26,,
3896LT,Dasselaarweg,29,,
3896LT,Dasselaarweg,41,,
3896LT,Dasselaarweg,5,,
3896LT,Dasselaarweg,5,A,
3896LB,Erkemederweg,79,,
3896LB,Erkemederweg,79,A,
3896LB,Erkemederweg,79,C,
3896LB,Erkemederweg,79,E,
3896LB,Erkemederweg,79,F,
3896LB,Erkemederweg,79,B,
3896LB,Erkemederweg,79,G,
3896LL,Golflaan,1,,
3896LG,Gooimeerdijk,12,,
3896LG,Gooimeerdijk-Oost,12,,
3896LG,Gooimeerdijk,12,,
3896LG,Gooimeerdijk-Oost,12,,
3896LS,Groenewoudseweg,71,,
3896LS,Groenewoudseweg,98,A,
3896LS,Groenewoudseweg,98,B,
3896LZ,Nekkeveldweg,14,,
3896LZ,Nekkeveldweg,19,,
3896LZ,Nekkeveldweg,2,,
3896LZ,Nekkeveldweg,22,,
3896LZ,Nekkeveldweg,24,,
3896LZ,Nekkeveldweg,25,,
3896LZ,Nekkeveldweg,26,,
3896LZ,Nekkeveldweg,30,,
3896LZ,Nekkeveldweg,34,,
3896LZ,Nekkeveldweg,37,,
3896LZ,Nekkeveldweg,38,,
3896LZ,Nekkeveldweg,40,,
3896LZ,Nekkeveldweg,41,,
3896LZ,Nekkeveldweg,42,,
3896LZ,Nekkeveldweg,45,,
3896LZ,Nekkeveldweg,46,,
3896LZ,Nekkeveldweg,49,,
3896LZ,Nekkeveldweg,49,A,
3896LZ,Nekkeveldweg,6,,
3896LZ,Nekkeveldweg,9,,
3896LZ,Nekkeveldweg,1,,
3896LZ,Nekkeveldweg,10,,
3896LZ,Nekkeveldweg,17,,
3896MA,Rassenbeekweg,26,,
3896LJ,Priempad,1,,
3896LJ,Priempad,10,,
3896LJ,Priempad,12,,
3896LJ,Priempad,17,,
3896LJ,Priempad,5,,
3896LJ,Priempad,6,,
3896LJ,Priempad,6,A,
3896LJ,Priempad,6,B,
3896LJ,Priempad,8,A,
3896LN,Schillinkpad,10,,
3896LN,Schillinkpad,14,,
3896LN,Schillinkpad,2,,
3896LN,Schillinkpad,6,,
3896LN,Schillinkpad,18,,
3896LK,Schillinkweg,1,,
3896LK,Schillinkweg,14,,
3896LK,Schillinkweg,2,,
3896LK,Schillinkweg,6,,
3896LK,Schillinkweg,9,,
3896LK,Schillinkweg,5,,
3896LC,Slingerpad,1,,
3896LC,Slingerpad,4,,
3896LC,Slingerpad,6,,
3896LC,Slingerpad,2,,
3896LD,Slingerweg,1,,320
3896LD,Slingerweg,1,,321
3896LD,Slingerweg,1,,322
3896LD,Slingerweg,1,,323
3896LD,Slingerweg,1,,324
3896LD,Slingerweg,1,,325
3896LD,Slingerweg,1,,326
3896LD,Slingerweg,1,,327
3896LD,Slingerweg,1,,328
3896LD,Slingerweg,1,,329
3896LD,Slingerweg,1,,330
3896LD,Slingerweg,1,,331
3896LD,Slingerweg,1,,332
3896LD,Slingerweg,1,,333
3896LD,Slingerweg,1,,334
3896LD,Slingerweg,1,,335
3896LD,Slingerweg,1,,336
3896LD,Slingerweg,1,,337
3896LD,Slingerweg,1,,338
3896LD,Slingerweg,1,,339
3896LD,Slingerweg,1,,340
3896LD,Slingerweg,1,,341
3896LD,Slingerweg,1,,342
3896LD,Slingerweg,1,,343
3896LD,Slingerweg,1,,344
3896LD,Slingerweg,1,,345
3896LD,Slingerweg,1,,345A
3896LD,Slingerweg,1,,346
3896LD,Slingerweg,1,,347
3896LD,Slingerweg,1,,348
3896LD,Slingerweg,1,,350
3896LD,Slingerweg,1,,351
3896LD,Slingerweg,1,,352
3896LD,Slingerweg,1,,355
3896LD,Slingerweg,1,,356
3896LD,Slingerweg,1,,358
3896LD,Slingerweg,1,,360
3896LD,Slingerweg,1,,361
3896LD,Slingerweg,1,,362
3896LD,Slingerweg,1,,364
3896LD,Slingerweg,1,,365
3896LD,Slingerweg,1,,367
3896LD,Slingerweg,1,,101
3896LD,Slingerweg,1,,102
3896LD,Slingerweg,1,,103
3896LD,Slingerweg,1,,106
3896LD,Slingerweg,1,,107
3896LD,Slingerweg,1,,108
3896LD,Slingerweg,1,,110
3896LD,Slingerweg,1,,111
3896LD,Slingerweg,1,,112
3896LD,Slingerweg,1,,114
3896LD,Slingerweg,1,,115
3896LD,Slingerweg,1,,115A
3896LD,Slingerweg,1,,118
3896LD,Slingerweg,1,,119
3896LD,Slingerweg,1,,120
3896LD,Slingerweg,1,,122
3896LD,Slingerweg,1,,178
3896LD,Slingerweg,1,,180
3896LD,Slingerweg,1,,182
3896LD,Slingerweg,1,,183
3896LD,Slingerweg,1,,186
3896LD,Slingerweg,1,,187
3896LD,Slingerweg,1,,189
3896LD,Slingerweg,1,,200
3896LD,Slingerweg,1,,202
3896LD,Slingerweg,1,,204
3896LD,Slingerweg,1,,369
3896LD,Slingerweg,1,,205
3896LD,Slingerweg,1,,206
3896LD,Slingerweg,1,,207
3896LD,Slingerweg,1,,209
3896LD,Slingerweg,1,,210
3896LD,Slingerweg,1,,211
3896LD,Slingerweg,1,,215
3896LD,Slingerweg,1,,216
3896LD,Slingerweg,1,,218
3896LD,Slingerweg,1,,219
3896LD,Slingerweg,1,,220
3896LD,Slingerweg,1,,222
3896LD,Slingerweg,1,,223
3896LD,Slingerweg,1,,224
3896LD,Slingerweg,1,,226
3896LD,Slingerweg,1,,228
3896LD,Slingerweg,1,,230
3896LD,Slingerweg,1,,231
3896LD,Slingerweg,1,,232
3896LD,Slingerweg,1,,233
3896LD,Slingerweg,1,,234
3896LD,Slingerweg,1,,235
3896LD,Slingerweg,1,,236
3896LD,Slingerweg,1,,237
3896LD,Slingerweg,1,,238
3896LD,Slingerweg,1,,239
3896LD,Slingerweg,1,,240
3896LD,Slingerweg,1,,241
3896LD,Slingerweg,1,,243
3896LD,Slingerweg,1,,244
3896LD,Slingerweg,1,,245
3896LD,Slingerweg,1,,247
3896LD,Slingerweg,1,,248
3896LD,Slingerweg,1,,251
3896LD,Slingerweg,1,,253
3896LD,Slingerweg,1,,254
3896LD,Slingerweg,1,,255
3896LD,Slingerweg,1,,257
3896LD,Slingerweg,1,,258
3896LD,Slingerweg,1,,259
3896LD,Slingerweg,1,,261
3896LD,Slingerweg,1,,262
3896LD,Slingerweg,1,,263
3896LD,Slingerweg,1,,265
3896LD,Slingerweg,1,,267
3896LD,Slingerweg,1,,268
3896LD,Slingerweg,1,,270
3896LD,Slingerweg,1,,272
3896LD,Slingerweg,1,,273
3896LD,Slingerweg,1,,275
3896LD,Slingerweg,1,,276
3896LD,Slingerweg,1,,277
3896LD,Slingerweg,1,,279A
3896LD,Slingerweg,1,,280
3896LD,Slingerweg,1,,281
3896LD,Slingerweg,1,,283
3896LD,Slingerweg,1,,285
3896LD,Slingerweg,1,,286
3896LD,Slingerweg,1,,288
3896LD,Slingerweg,1,,290
3896LD,Slingerweg,1,,291
3896LD,Slingerweg,1,,292
3896LD,Slingerweg,1,,294
3896LD,Slingerweg,1,,227
3896LD,Slingerweg,1,,504
3896LD,Slingerweg,1,,506
3896LD,Slingerweg,1,,508
3896LD,Slingerweg,1,,510
3896LD,Slingerweg,1,,511
3896LD,Slingerweg,1,,513
3896LD,Slingerweg,1,,514
3896LD,Slingerweg,1,,515
3896LD,Slingerweg,1,,517
3896LD,Slingerweg,1,,519
3896LD,Slingerweg,1,,520
3896LD,Slingerweg,1,,521
3896LD,Slingerweg,1,,636
3896LD,Slingerweg,1,,637
3896LD,Slingerweg,1,,638
3896LD,Slingerweg,1,,640
3896LD,Slingerweg,1,,641
3896LD,Slingerweg,1,,642
3896LD,Slingerweg,1,,645
3896LD,Slingerweg,1,,295
3896LD,Slingerweg,1,,296
3896LD,Slingerweg,1,,297
3896LD,Slingerweg,1,,299
3896LD,Slingerweg,1,,301
3896LD,Slingerweg,1,,302
3896LD,Slingerweg,1,,304
3896LD,Slingerweg,1,,305
3896LD,Slingerweg,1,,306
3896LD,Slingerweg,1,,309
3896LD,Slingerweg,1,,310
3896LD,Slingerweg,1,,313
3896LD,Slingerweg,1,,314
3896LD,Slingerweg,1,,317
3896LD,Slingerweg,1,,318
3896LD,Slingerweg,1,,319
3896LD,Slingerweg,1,,605
3896LD,Slingerweg,1,,606
3896LD,Slingerweg,1,,607
3896LD,Slingerweg,1,,608
3896LD,Slingerweg,1,,609
3896LD,Slingerweg,1,,610
3896LD,Slingerweg,1,,611
3896LD,Slingerweg,1,,612
3896LD,Slingerweg,1,,613
3896LD,Slingerweg,1,,614
3896LD,Slingerweg,1,,615
3896LD,Slingerweg,1,,616
3896LD,Slingerweg,1,,618
3896LD,Slingerweg,1,,619
3896LD,Slingerweg,1,,620
3896LD,Slingerweg,1,,621
3896LD,Slingerweg,1,,623
3896LD,Slingerweg,1,,624
3896LD,Slingerweg,1,,625
3896LD,Slingerweg,1,,626
3896LD,Slingerweg,1,,628
3896LD,Slingerweg,1,,629
3896LD,Slingerweg,1,,630
3896LD,Slingerweg,1,,631
3896LD,Slingerweg,1,,632
3896LD,Slingerweg,1,,633
3896LD,Slingerweg,1,,635
3896LD,Slingerweg,1,,371
3896LD,Slingerweg,1,,401
3896LD,Slingerweg,1,,402
3896LD,Slingerweg,1,,403
3896LD,Slingerweg,1,,406
3896LD,Slingerweg,1,,407
3896LD,Slingerweg,1,,408
3896LD,Slingerweg,1,,410
3896LD,Slingerweg,1,,411
3896LD,Slingerweg,1,,412
3896LD,Slingerweg,1,,413
3896LD,Slingerweg,1,,415
3896LD,Slingerweg,1,,416
3896LD,Slingerweg,1,,417
3896LD,Slingerweg,1,,419
3896LD,Slingerweg,1,,420
3896LD,Slingerweg,1,,421
3896LD,Slingerweg,1,,423
3896LD,Slingerweg,1,,424
3896LD,Slingerweg,1,,425
3896LD,Slingerweg,1,,427
3896LD,Slingerweg,1,,428
3896LD,Slingerweg,1,,429
3896LD,Slingerweg,1,,432
3896LD,Slingerweg,1,,433
3896LD,Slingerweg,1,,434
3896LD,Slingerweg,1,,436
3896LD,Slingerweg,1,,437
3896LD,Slingerweg,1,,438
3896LD,Slingerweg,1,,440
3896LD,Slingerweg,1,,441
3896LD,Slingerweg,1,,441A
3896LD,Slingerweg,1,,443
3896LD,Slingerweg,1,,444
3896LD,Slingerweg,1,,445
3896LD,Slingerweg,1,,447
3896LD,Slingerweg,1,,448
3896LD,Slingerweg,1,,449
3896LD,Slingerweg,1,,450
3896LD,Slingerweg,1,,451
3896LD,Slingerweg,1,,452
3896LD,Slingerweg,1,,453
3896LD,Slingerweg,1,,454
3896LD,Slingerweg,1,,455
3896LD,Slingerweg,1,,456
3896LD,Slingerweg,1,,457
3896LD,Slingerweg,1,,458
3896LD,Slingerweg,1,,459
3896LD,Slingerweg,1,,460
3896LD,Slingerweg,1,,501
3896LD,Slingerweg,1,,502
3896LD,Slingerweg,1,,646
3896LD,Slingerweg,1,,648
3896LD,Slingerweg,1,,649
3896LD,Slingerweg,1,,650
3896LD,Slingerweg,1,,651
3896LD,Slingerweg,1,,652
3896LD,Slingerweg,1,,653
3896LD,Slingerweg,1,,654
3896LD,Slingerweg,1,,655
3896LD,Slingerweg,1,,656
3896LD,Slingerweg,1,,657
3896LD,Slingerweg,1,,658
3896LD,Slingerweg,1,,659
3896LD,Slingerweg,1,,660
3896LD,Slingerweg,1,,661
3896LD,Slingerweg,1,,662
3896LD,Slingerweg,1,,663
3896LD,Slingerweg,1,,664
3896LD,Slingerweg,1,,665
3896LD,Slingerweg,1,,666
3896LD,Slingerweg,1,,667
3896LD,Slingerweg,1,,668
3896LD,Slingerweg,1,,669
3896LD,Slingerweg,1,,670
3896LD,Slingerweg,1,,671
3896LD,Slingerweg,1,,672
3896LD,Slingerweg,1,,672A
3896LD,Slingerweg,1,,673
3896LD,Slingerweg,1,,674
3896LD,Slingerweg,1,,675
3896LD,Slingerweg,1,,677
3896LD,Slingerweg,1,,678
3896LD,Slingerweg,1,,679
3896LD,Slingerweg,1,,681
3896LD,Slingerweg,1,,682
3896LD,Slingerweg,1,,683
3896LD,Slingerweg,1,,685
3896LD,Slingerweg,1,,686
3896LD,Slingerweg,1,,687
3896LD,Slingerweg,1,,689
3896LD,Slingerweg,1,,690
3896LD,Slingerweg,1,,691
3896LD,Slingerweg,1,,694
3896LD,Slingerweg,1,,695
3896LD,Slingerweg,1,,696
3896LD,Slingerweg,1,,698
3896LD,Slingerweg,1,,701
3896LD,Slingerweg,1,,702
3896LD,Slingerweg,1,,703
3896LD,Slingerweg,1,,705
3896LD,Slingerweg,1,,706
3896LD,Slingerweg,1,,707
3896LD,Slingerweg,1,,709
3896LD,Slingerweg,1,,710
3896LD,Slingerweg,1,,711
3896LD,Slingerweg,1,,714
3896LD,Slingerweg,1,,715
3896LD,Slingerweg,1,,716
3896LD,Slingerweg,1,,719
3896LD,Slingerweg,1,,720
3896LD,Slingerweg,1,,721
3896LD,Slingerweg,1,,724
3896LD,Slingerweg,1,,725
3896LD,Slingerweg,1,,123
3896LD,Slingerweg,1,,124
3896LD,Slingerweg,1,,125
3896LD,Slingerweg,1,,126
3896LD,Slingerweg,1,,127
3896LD,Slingerweg,1,,128
3896LD,Slingerweg,1,,129
3896LD,Slingerweg,1,,130
3896LD,Slingerweg,1,,131
3896LD,Slingerweg,1,,132
3896LD,Slingerweg,1,,133
3896LD,Slingerweg,1,,134
3896LD,Slingerweg,1,,135
3896LD,Slingerweg,1,,136
3896LD,Slingerweg,1,,137
3896LD,Slingerweg,1,,138
3896LD,Slingerweg,1,,139
3896LD,Slingerweg,1,,140
3896LD,Slingerweg,1,,141
3896LD,Slingerweg,1,,142
3896LD,Slingerweg,1,,143
3896LD,Slingerweg,1,,144
3896LD,Slingerweg,1,,145
3896LD,Slingerweg,1,,145A
3896LD,Slingerweg,1,,146
3896LD,Slingerweg,1,,147
3896LD,Slingerweg,1,,148
3896LD,Slingerweg,1,,149
3896LD,Slingerweg,1,,150
3896LD,Slingerweg,1,,151
3896LD,Slingerweg,1,,153
3896LD,Slingerweg,1,,154
3896LD,Slingerweg,1,,155
3896LD,Slingerweg,1,,158
3896LD,Slingerweg,1,,159
3896LD,Slingerweg,1,,160
3896LD,Slingerweg,1,,162
3896LD,Slingerweg,1,,163
3896LD,Slingerweg,1,,164
3896LD,Slingerweg,1,,167
3896LD,Slingerweg,1,,168
3896LD,Slingerweg,1,,169
3896LD,Slingerweg,1,,172
3896LD,Slingerweg,1,,173
3896LD,Slingerweg,1,,174
3896LD,Slingerweg,1,,176
3896LD,Slingerweg,1,,835
3896LD,Slingerweg,1,,836
3896LD,Slingerweg,1,,837
3896LD,Slingerweg,1,,840
3896LD,Slingerweg,1,,841
3896LD,Slingerweg,1,,842
3896LD,Slingerweg,1,,843
3896LD,Slingerweg,1,,846
3896LD,Slingerweg,1,,847
3896LD,Slingerweg,1,,848
3896LD,Slingerweg,1,,850
3896LD,Slingerweg,1,,851
3896LD,Slingerweg,1,,852
3896LD,Slingerweg,1,,854
3896LD,Slingerweg,1,,855
3896LD,Slingerweg,1,,901
3896LD,Slingerweg,1,,903
3896LD,Slingerweg,1,,904
3896LD,Slingerweg,1,,905
3896LD,Slingerweg,1,,906
3896LD,Slingerweg,1,,907
3896LD,Slingerweg,1,,908
3896LD,Slingerweg,1,,909
3896LD,Slingerweg,1,,910
3896LD,Slingerweg,1,,911
3896LD,Slingerweg,1,,912
3896LD,Slingerweg,1,,913
3896LD,Slingerweg,1,,914
3896LD,Slingerweg,1,,915
3896LD,Slingerweg,1,,916
3896LD,Slingerweg,1,,917
3896LD,Slingerweg,1,,918
3896LD,Slingerweg,1,,919
3896LD,Slingerweg,1,,920
3896LD,Slingerweg,1,,921
3896LD,Slingerweg,1,,922
3896LD,Slingerweg,1,,923
3896LD,Slingerweg,1,,924
3896LD,Slingerweg,1,,925
3896LD,Slingerweg,1,,965
3896LD,Slingerweg,1,,960
3896LD,Slingerweg,1,,966
3896LD,Slingerweg,1,,959
3896LD,Slingerweg,1,,968
3896LD,Slingerweg,1,,969
3896LD,Slingerweg,1,,970
3896LD,Slingerweg,1,,971
3896LD,Slingerweg,1,,973
3896LD,Slingerweg,1,,974
3896LD,Slingerweg,1,,975
3896LD,Slingerweg,1,,976
3896LD,Slingerweg,1,,977
3896LD,Slingerweg,1,,978
3896LD,Slingerweg,21,,
3896LD,Slingerweg,25,,
3896LD,Slingerweg,1,,524
3896LD,Slingerweg,1,,525
3896LD,Slingerweg,1,,526
3896LD,Slingerweg,1,,528
3896LD,Slingerweg,1,,529
3896LD,Slingerweg,1,,530
3896LD,Slingerweg,1,,531
3896LD,Slingerweg,1,,533
3896LD,Slingerweg,1,,533A
3896LD,Slingerweg,1,,535
3896LD,Slingerweg,1,,536
3896LD,Slingerweg,1,,537
3896LD,Slingerweg,1,,539
3896LD,Slingerweg,1,,540
3896LD,Slingerweg,1,,541
3896LD,Slingerweg,1,,543
3896LD,Slingerweg,1,,544
3896LD,Slingerweg,1,,545
3896LD,Slingerweg,1,,547
3896LD,Slingerweg,1,,548
3896LD,Slingerweg,1,,549
3896LD,Slingerweg,1,,551
3896LD,Slingerweg,1,,552
3896LD,Slingerweg,1,,553
3896LD,Slingerweg,1,,555
3896LD,Slingerweg,1,,556
3896LD,Slingerweg,1,,557
3896LD,Slingerweg,1,,560
3896LD,Slingerweg,1,,561
3896LD,Slingerweg,1,,562
3896LD,Slingerweg,1,,564
3896LD,Slingerweg,1,,565
3896LD,Slingerweg,1,,566
3896LD,Slingerweg,1,,569
3896LD,Slingerweg,1,,570
3896LD,Slingerweg,1,,572
3896LD,Slingerweg,1,,573
3896LD,Slingerweg,1,,574
3896LD,Slingerweg,1,,576
3896LD,Slingerweg,1,,580
3896LD,Slingerweg,1,,601
3896LD,Slingerweg,1,,603
3896LD,Slingerweg,1,,604
3896LD,Slingerweg,1,,726
3896LD,Slingerweg,1,,727
3896LD,Slingerweg,1,,728
3896LD,Slingerweg,1,,730
3896LD,Slingerweg,1,,731
3896LD,Slingerweg,1,,732
3896LD,Slingerweg,1,,733
3896LD,Slingerweg,1,,734
3896LD,Slingerweg,1,,735
3896LD,Slingerweg,1,,736
3896LD,Slingerweg,1,,737
3896LD,Slingerweg,1,,738
3896LD,Slingerweg,1,,315
3896LD,Slingerweg,1,,739
3896LD,Slingerweg,1,,740
3896LD,Slingerweg,1,,741
3896LD,Slingerweg,1,,742
3896LD,Slingerweg,1,,743
3896LD,Slingerweg,1,,744
3896LD,Slingerweg,1,,745
3896LD,Slingerweg,1,,746
3896LD,Slingerweg,1,,747
3896LD,Slingerweg,1,,748
3896LD,Slingerweg,1,,749
3896LD,Slingerweg,1,,750
3896LD,Slingerweg,1,,751
3896LD,Slingerweg,1,,752
3896LD,Slingerweg,1,,753
3896LD,Slingerweg,1,,754
3896LD,Slingerweg,1,,755
3896LD,Slingerweg,1,,756
3896LD,Slingerweg,1,,757
3896LD,Slingerweg,1,,758
3896LD,Slingerweg,1,,760
3896LD,Slingerweg,1,,761
3896LD,Slingerweg,1,,761A
3896LD,Slingerweg,1,,762
3896LD,Slingerweg,1,,763
3896LD,Slingerweg,1,,764
3896LD,Slingerweg,1,,765
3896LD,Slingerweg,1,,766
3896LD,Slingerweg,1,,767
3896LD,Slingerweg,1,,768
3896LD,Slingerweg,1,,770
3896LD,Slingerweg,1,,771
3896LD,Slingerweg,1,,772
3896LD,Slingerweg,1,,774
3896LD,Slingerweg,1,,775
3896LD,Slingerweg,1,,776
3896LD,Slingerweg,1,,778
3896LD,Slingerweg,1,,779
3896LD,Slingerweg,1,,780
3896LD,Slingerweg,1,,782
3896LD,Slingerweg,1,,783
3896LD,Slingerweg,1,,801
3896LD,Slingerweg,1,,803
3896LD,Slingerweg,1,,804
3896LD,Slingerweg,1,,805
3896LD,Slingerweg,1,,807
3896LD,Slingerweg,1,,809
3896LD,Slingerweg,1,,810
3896LD,Slingerweg,1,,812
3896LD,Slingerweg,1,,813
3896LD,Slingerweg,1,,814
3896LD,Slingerweg,1,,817
3896LD,Slingerweg,1,,818
3896LD,Slingerweg,1,,819
3896LD,Slingerweg,1,,822
3896LD,Slingerweg,1,,823
3896LD,Slingerweg,1,,826
3896LD,Slingerweg,1,,827
3896LD,Slingerweg,1,,828
3896LD,Slingerweg,1,,829
3896LD,Slingerweg,1,,830
3896LD,Slingerweg,1,,831
3896LD,Slingerweg,1,,833
3896LD,Slingerweg,1,,926
3896LD,Slingerweg,1,,927
3896LD,Slingerweg,1,,928
3896LD,Slingerweg,1,,929
3896LD,Slingerweg,1,,930
3896LD,Slingerweg,1,,931
3896LD,Slingerweg,1,,932
3896LD,Slingerweg,1,,933
3896LD,Slingerweg,1,,934
3896LD,Slingerweg,1,,935
3896LD,Slingerweg,1,,936
3896LD,Slingerweg,1,,937
3896LD,Slingerweg,1,,938
3896LD,Slingerweg,1,,939
3896LD,Slingerweg,1,,940
3896LD,Slingerweg,1,,941
3896LD,Slingerweg,1,,942
3896LD,Slingerweg,1,,943
3896LD,Slingerweg,1,,944
3896LD,Slingerweg,1,,945
3896LD,Slingerweg,1,,946
3896LD,Slingerweg,1,,947
3896LD,Slingerweg,1,,948
3896LD,Slingerweg,1,,949
3896LD,Slingerweg,1,,951
3896LD,Slingerweg,1,,952
3896LD,Slingerweg,1,,953
3896LD,Slingerweg,1,,954
3896LD,Slingerweg,1,,956
3896LD,Slingerweg,1,,957
3896LD,Slingerweg,1,,957A
3896LD,Slingerweg,1,,958
3896LD,Slingerweg,1,,967
3896LD,Slingerweg,1,,960
3896LD,Slingerweg,1,,965
3896LD,Slingerweg,1,,962
3896LD,Slingerweg,1,,963
3896LD,Slingerweg,1,,963
3896LD,Slingerweg,1,,962
3896LD,Slingerweg,1,,964
3896LD,Slingerweg,1,,961
3896LD,Slingerweg,1,,214
3896LD,Slingerweg,1,,308
3896LD,Slingerweg,1,,568
3896LD,Slingerweg,1,,824
3896LD,Slingerweg,50,,
3896LD,Slingerweg,3,A,1
3896LD,Slingerweg,3,A,2
3896LD,Slingerweg,3,A,3
3896LD,Slingerweg,3,A,4
3896LD,Slingerweg,3,A,5
3896LD,Slingerweg,3,A,6
3896LD,Slingerweg,3,A,7
3896LD,Slingerweg,3,A,8
3896LD,Slingerweg,3,A,9
3896LD,Slingerweg,3,B,1
3896LD,Slingerweg,3,B,2
3896LD,Slingerweg,3,B,3
3896LD,Slingerweg,3,B,4
3896LD,Slingerweg,3,B,5
3896LD,Slingerweg,3,B,6
3896LD,Slingerweg,3,B,7
3896LD,Slingerweg,3,B,8
3896LD,Slingerweg,3,B,9
3896LD,Slingerweg,3,B,10
3896LD,Slingerweg,3,B,11
3896LD,Slingerweg,3,B,12
3896LD,Slingerweg,3,B,13
3896LD,Slingerweg,3,C,1
3896LD,Slingerweg,3,C,2
3896LD,Slingerweg,3,C,3
3896LD,Slingerweg,3,C,4
3896LD,Slingerweg,3,C,5
3896LD,Slingerweg,3,C,6
3896LD,Slingerweg,3,C,7
3896LD,Slingerweg,3,C,8
3896LD,Slingerweg,3,C,9
3896LD,Slingerweg,3,C,10
3896LD,Slingerweg,3,C,11
3896LD,Slingerweg,3,C,12
3896LD,Slingerweg,3,C,13
3896LD,Slingerweg,3,E,8
3896LD,Slingerweg,3,E,9
3896LD,Slingerweg,3,E,10
3896LD,Slingerweg,3,E,11
3896LD,Slingerweg,3,E,12
3896LD,Slingerweg,3,E,13
3896LD,Slingerweg,5,,
3896LD,Slingerweg,1,,815
3896LD,Slingerweg,1,,249
3896LD,Slingerweg,3,E,1
3896LD,Slingerweg,3,E,2
3896LD,Slingerweg,3,E,3
3896LD,Slingerweg,3,E,4
3896LD,Slingerweg,3,E,5
3896LD,Slingerweg,3,E,6
3896LD,Slingerweg,3,E,7
3896LD,Slingerweg,3,F,1
3896LD,Slingerweg,3,F,2
3896LD,Slingerweg,3,F,3
3896LD,Slingerweg,3,F,4
3896LD,Slingerweg,3,F,5
3896LD,Slingerweg,3,F,6
3896LD,Slingerweg,3,F,7
3896LD,Slingerweg,3,F,8
3896LD,Slingerweg,3,F,9
3896LD,Slingerweg,3,F,10
3896LD,Slingerweg,3,G,1
3896LD,Slingerweg,3,G,2
3896LD,Slingerweg,3,G,3
3896LD,Slingerweg,3,G,4
3896LD,Slingerweg,3,G,5
3896LD,Slingerweg,3,G,6
3896LD,Slingerweg,3,G,7
3896LD,Slingerweg,3,G,8
3896LD,Slingerweg,3,G,9
3896LD,Slingerweg,3,G,10
3896LD,Slingerweg,3,J,1
3896LD,Slingerweg,3,J,2
3896LD,Slingerweg,3,J,3
3896LD,Slingerweg,3,J,4
3896LD,Slingerweg,3,J,5
3896LD,Slingerweg,3,J,6
3896LD,Slingerweg,3,J,7
3896LD,Slingerweg,3,J,8
3896LD,Slingerweg,7,,
3896LD,Slingerweg,1,,959
3896LD,Slingerweg,1,,966
3896LD,Slingerweg,1,,712
3896LD,Slingerweg,1,,717
3896LD,Slingerweg,1,,729
3896LD,Slingerweg,1,,820
3896LD,Slingerweg,1,,832
3896LD,Slingerweg,1,,179
3896LD,Slingerweg,1,,185
3896LD,Slingerweg,1,,201
3896LD,Slingerweg,1,,967
3896LD,Slingerweg,1,,958
3896LD,Slingerweg,1,,972
3896LD,Slingerweg,1,,527
3896LD,Slingerweg,1,,532
3896LD,Slingerweg,1,,627
3896LD,Slingerweg,1,,634
3896LD,Slingerweg,1,,373
3896LD,Slingerweg,1,,505
3896LD,Slingerweg,1,,512
3896LD,Slingerweg,1,,516
3896LD,Slingerweg,1,,643
3896LD,Slingerweg,1,,357
3896LD,Slingerweg,1,,366
3896LD,Slingerweg,1,,104
3896LD,Slingerweg,1,,165
3896LD,Slingerweg,1,,289
3896LD,Slingerweg,1,,171
3896LD,Slingerweg,1,,177
3896LD,Slingerweg,1,,838
3896LD,Slingerweg,1,,844
3896LD,Slingerweg,1,,955
3896LA,Winkelweg,13,,
3896LA,Winkelweg,5,,
3896LA,Winkelweg,7,,
3896LA,Winkelweg,15,,
3896LA,Winkelweg,9,,
3896LE,Winkelweg,1,,
3896LH,Winkelweg,10,,
3896LH,Winkelweg,2,,
3896LH,Winkelweg,21,,
3896LH,Winkelweg,25,,
3896LH,Winkelweg,29,,
3896LH,Winkelweg,37,,
3896LH,Winkelweg,6,,
3896LH,Winkelweg,61,,
3896LH,Winkelweg,41,,
3896LH,Winkelweg,33,,
3896LH,Winkelweg,35,,
3896LH,Winkelweg,57,,
3896LX,Erkemederpad,10,,
3896LX,Erkemederpad,2,,
3896LX,Erkemederpad,2,A,
3896LR,Flediteweg,23,,
3896LM,Holkerpad,10,,
3896LM,Holkerpad,14,,
3896LM,Holkerpad,6,,
3896LW,Middelbeekpad,2,,
3896LW,Middelbeekpad,5,,
3896LW,Middelbeekpad,6,,
3896LV,Nulderpad,2,,
3896LV,Nulderpad,6,,
3896LA,Wielseweg,1,,
3896LA,Wielseweg,1,a,
3896LA,Wielseweg,1,A,
3896LA,Wielseweg,3,E,G1
3896LA,Wielseweg,3,F,L1
3896LA,Wielseweg,3,F,L2
3896LA,Wielseweg,3,F,L3
3896LA,Wielseweg,3,K,41
3896LA,Wielseweg,3,W,I1
3896LA,Wielseweg,3,S,P3
3896LA,Wielseweg,3,S,P5
3896LA,Wielseweg,3,S,P1
3896LA,Wielseweg,3,S,P4
3896LA,Wielseweg,3,S,P6
3896MB,Wielseweg,5,A,45
3896MB,Wielseweg,5,A,46
3896MB,Wielseweg,11,,
3896MB,Wielseweg,13,,
3896MB,Wielseweg,5,A,1
3896MB,Wielseweg,5,A,10
3896MB,Wielseweg,5,A,11
3896MB,Wielseweg,5,A,13
3896MB,Wielseweg,5,A,15
3896MB,Wielseweg,5,A,16
3896MB,Wielseweg,5,A,18
3896MB,Wielseweg,5,A,19
3896MB,Wielseweg,5,A,2
3896MB,Wielseweg,5,A,22
3896MB,Wielseweg,5,A,24
3896MB,Wielseweg,5,A,26
3896MB,Wielseweg,5,A,27
3896MB,Wielseweg,5,A,28
3896MB,Wielseweg,5,A,3
3896MB,Wielseweg,5,A,30
3896MB,Wielseweg,5,A,31
3896MB,Wielseweg,5,A,33
3896MB,Wielseweg,5,A,34
3896MB,Wielseweg,5,A,35
3896MB,Wielseweg,5,A,38
3896MB,Wielseweg,5,A,39
3896MB,Wielseweg,5,A,41
3896MB,Wielseweg,5,A,42
3896MB,Wielseweg,5,A,43
3896MB,Wielseweg,5,A,47
3896MB,Wielseweg,5,A,49
3896MB,Wielseweg,5,A,4
3896MB,Wielseweg,5,A,23
3896MB,Wielseweg,5,A,5
3896MB,Wielseweg,5,A,50
3896MB,Wielseweg,5,A,51
3896MB,Wielseweg,5,A,52
3896MB,Wielseweg,5,A,54
3896MB,Wielseweg,5,A,55
3896MB,Wielseweg,5,A,56
3896MB,Wielseweg,5,A,57
3896MB,Wielseweg,5,A,58
3896MB,Wielseweg,5,A,59
3896MB,Wielseweg,5,A,6
3896MB,Wielseweg,5,A,60
3896MB,Wielseweg,5,A,61
3896MB,Wielseweg,5,A,62
3896MB,Wielseweg,5,A,63
3896MB,Wielseweg,5,A,65
3896MB,Wielseweg,5,A,66
3896MB,Wielseweg,5,A,67
3896MB,Wielseweg,5,A,68
3896MB,Wielseweg,5,A,69
3896MB,Wielseweg,5,A,7
3896MB,Wielseweg,5,A,70
3896MB,Wielseweg,5,A,71
3896MB,Wielseweg,5,A,72
3896MB,Wielseweg,5,A,73
3896MB,Wielseweg,5,A,74
3896MB,Wielseweg,5,A,75
3896MB,Wielseweg,5,A,76
3896MB,Wielseweg,5,A,77
3896MB,Wielseweg,5,A,78
3896MB,Wielseweg,5,A,9
3896MB,Wielseweg,5,A,64
3897AA,Cavalier,1,,
3897AA,Cavalier,17,,
3897AA,Cavalier,6,,
3897AA,Cavalier,8,,
3897AA,Cavalier,18,,
3897AA,Cavalier,20,,
3897AA,Cavalier,30,,
3897AA,Cavalier,32,,
3897AA,Cavalier,34,,
3897AA,Cavalier,24,,
3897AA,Cavalier,10,,
3897AA,Cavalier,3,,
3897AA,Cavalier,51,,
3896LP,Arkerpad,5,,
3897LX,Adelaarsweg,7,,
3896LV,Bosruiterweg,14,A,10
3897LV,Bosruiterweg,25,,153
3897LV,Bosruiterweg,25,,151
3897LV,Bosruiterweg,25,,159
3897LV,Bosruiterweg,25,,167
3897LV,Bosruiterweg,25,,196
3897LV,Bosruiterweg,25,,151
3897LV,Bosruiterweg,25,,153
3897LV,Bosruiterweg,25,,37
3897LV,Bosruiterweg,25,,68
3897LV,Bosruiterweg,25,,120
3897LV,Bosruiterweg,25,,156
3897LV,Bosruiterweg,25,,162
3897LV,Bosruiterweg,25,,92
3897LV,Bosruiterweg,25,,97
3897LV,Bosruiterweg,34,,
3897LV,Bosruiterweg,25,,150
3897LV,Bosruiterweg,25,,13
3897LV,Bosruiterweg,25,,181
3897LV,Bosruiterweg,25,,99
3897LV,Bosruiterweg,25,,99
3897LV,Bosruiterweg,16,,
3897LV,Bosruiterweg,14,Z,
3897LV,Bosruiterweg,16,,
3897LV,Bosruiterweg,16,R,
3897LV,Bosruiterweg,14,R,
3897LV,Bosruiterweg,16,R,
3897LV,Bosruiterweg,14,R,
3897LV,Bosruiterweg,16,S,
3897LV,Bosruiterweg,16,A,1
3897LV,Bosruiterweg,14,A,1
3897LV,Bosruiterweg,16,A,1
3897LV,Bosruiterweg,16,A,2
3897LV,Bosruiterweg,14,A,2
3897LV,Bosruiterweg,16,A,2
3897LV,Bosruiterweg,16,A,3
3897LV,Bosruiterweg,14,A,3
3897LV,Bosruiterweg,16,A,3
3897LV,Bosruiterweg,16,A,4
3897LV,Bosruiterweg,14,A,4
3897LV,Bosruiterweg,16,A,4
3897LV,Bosruiterweg,16,A,5
3897LV,Bosruiterweg,14,A,5
3897LV,Bosruiterweg,16,A,5
3897LV,Bosruiterweg,16,A,6
3897LV,Bosruiterweg,14,A,6
3897LV,Bosruiterweg,16,A,6
3897LV,Bosruiterweg,16,A,7
3897LV,Bosruiterweg,14,A,7
3897LV,Bosruiterweg,16,A,7
3897LV,Bosruiterweg,16,A,8
3897LV,Bosruiterweg,14,A,8
3897LV,Bosruiterweg,16,A,8
3897LV,Bosruiterweg,16,B,1
3897LV,Bosruiterweg,14,B,1
3897LV,Bosruiterweg,16,B,1
3897LV,Bosruiterweg,16,B,2
3897LV,Bosruiterweg,14,B,2
3897LV,Bosruiterweg,16,B,2
3897LV,Bosruiterweg,16,B,3
3897LV,Bosruiterweg,14,B,3
3897LV,Bosruiterweg,16,B,3
3897LV,Bosruiterweg,16,B,4
3897LV,Bosruiterweg,14,B,4
3897LV,Bosruiterweg,16,B,4
3897LV,Bosruiterweg,16,B,5
3897LV,Bosruiterweg,14,B,5
3897LV,Bosruiterweg,16,B,5
3897LV,Bosruiterweg,16,B,6
3897LV,Bosruiterweg,14,B,6
3897LV,Bosruiterweg,16,B,6
3897LV,Bosruiterweg,16,B,7
3897LV,Bosruiterweg,14,B,7
3897LV,Bosruiterweg,16,B,7
3897LV,Bosruiterweg,16,B,8
3897LV,Bosruiterweg,14,B,8
3897LV,Bosruiterweg,16,B,8
3897LV,Bosruiterweg,16,C,1
3897LV,Bosruiterweg,14,C,1
3897LV,Bosruiterweg,16,C,1
3897LV,Bosruiterweg,16,C,2
3897LV,Bosruiterweg,14,C,2
3897LV,Bosruiterweg,16,C,2
3897LV,Bosruiterweg,16,C,3
3897LV,Bosruiterweg,14,C,3
3897LV,Bosruiterweg,16,C,3
3897LV,Bosruiterweg,16,C,4
3897LV,Bosruiterweg,14,C,4
3897LV,Bosruiterweg,16,C,4
3897LV,Bosruiterweg,16,C,5
3897LV,Bosruiterweg,14,C,5
3897LV,Bosruiterweg,16,C,5
3897LV,Bosruiterweg,16,C,6
3897LV,Bosruiterweg,14,C,6
3897LV,Bosruiterweg,16,C,6
3897LV,Bosruiterweg,16,C,7
3897LV,Bosruiterweg,14,C,7
3897LV,Bosruiterweg,16,C,7
3897LV,Bosruiterweg,16,C,8
3897LV,Bosruiterweg,14,C,8
3897LV,Bosruiterweg,16,C,8
3897LV,Bosruiterweg,16,D,1
3897LV,Bosruiterweg,14,D,1
3897LV,Bosruiterweg,16,D,1
3897LV,Bosruiterweg,16,D,2
3897LV,Bosruiterweg,14,D,2
3897LV,Bosruiterweg,16,D,2
3897LV,Bosruiterweg,16,D,3
3897LV,Bosruiterweg,14,D,3
3897LV,Bosruiterweg,16,D,3
3897LV,Bosruiterweg,16,D,4
3897LV,Bosruiterweg,14,D,4
3897LV,Bosruiterweg,16,D,4
3897LV,Bosruiterweg,16,D,5
3897LV,Bosruiterweg,14,D,5
3897LV,Bosruiterweg,16,D,5
3897LV,Bosruiterweg,16,D,6
3897LV,Bosruiterweg,14,D,6
3897LV,Bosruiterweg,16,D,6
3897LV,Bosruiterweg,16,D,7
3897LV,Bosruiterweg,14,D,7
3897LV,Bosruiterweg,16,D,7
3897LV,Bosruiterweg,16,D,8
3897LV,Bosruiterweg,14,D,8
3897LV,Bosruiterweg,16,D,8
3897LV,Bosruiterweg,16,E,1
3897LV,Bosruiterweg,14,E,1
3897LV,Bosruiterweg,16,E,1
3897LV,Bosruiterweg,16,E,2
3897LV,Bosruiterweg,14,E,2
3897LV,Bosruiterweg,16,E,2
3897LV,Bosruiterweg,16,E,3
3897LV,Bosruiterweg,14,E,3
3897LV,Bosruiterweg,16,E,3
3897LV,Bosruiterweg,16,E,4
3897LV,Bosruiterweg,14,E,4
3897LV,Bosruiterweg,16,E,4
3897LV,Bosruiterweg,16,E,5
3897LV,Bosruiterweg,14,E,5
3897LV,Bosruiterweg,16,E,5
3897LV,Bosruiterweg,16,E,6
3897LV,Bosruiterweg,14,E,6
3897LV,Bosruiterweg,16,E,6
3897LV,Bosruiterweg,16,E,7
3897LV,Bosruiterweg,14,E,7
3897LV,Bosruiterweg,16,E,7
3897LV,Bosruiterweg,16,E,8
3897LV,Bosruiterweg,14,E,8
3897LV,Bosruiterweg,16,E,8
3897LV,Bosruiterweg,16,F,1
3897LV,Bosruiterweg,14,F,1
3897LV,Bosruiterweg,16,F,1
3897LV,Bosruiterweg,16,F,2
3897LV,Bosruiterweg,14,F,2
3897LV,Bosruiterweg,16,F,2
3897LV,Bosruiterweg,16,F,3
3897LV,Bosruiterweg,14,F,3
3897LV,Bosruiterweg,16,F,3
3897LV,Bosruiterweg,16,F,4
3897LV,Bosruiterweg,14,F,4
3897LV,Bosruiterweg,16,F,4
3897LV,Bosruiterweg,16,F,5
3897LV,Bosruiterweg,14,F,5
3897LV,Bosruiterweg,16,F,5
3897LV,Bosruiterweg,16,F,6
3897LV,Bosruiterweg,14,F,6
3897LV,Bosruiterweg,16,F,6
3897LV,Bosruiterweg,16,F,7
3897LV,Bosruiterweg,14,F,7
3897LV,Bosruiterweg,16,F,7
3897LV,Bosruiterweg,16,F,8
3897LV,Bosruiterweg,14,F,8
3897LV,Bosruiterweg,16,F,8
3897LV,Bosruiterweg,16,G,1
3897LV,Bosruiterweg,14,G,1
3897LV,Bosruiterweg,16,G,1
3897LV,Bosruiterweg,14,G,1
3897LV,Bosruiterweg,16,G,2
3897LV,Bosruiterweg,14,G,2
3897LV,Bosruiterweg,16,G,2
3897LV,Bosruiterweg,14,G,2
3897LV,Bosruiterweg,16,G,3
3897LV,Bosruiterweg,14,G,3
3897LV,Bosruiterweg,16,G,3
3897LV,Bosruiterweg,14,G,3
3897LV,Bosruiterweg,16,G,4
3897LV,Bosruiterweg,14,G,4
3897LV,Bosruiterweg,16,G,4
3897LV,Bosruiterweg,14,G,4
3897LV,Bosruiterweg,16,G,5
3897LV,Bosruiterweg,14,G,5
3897LV,Bosruiterweg,16,G,5
3897LV,Bosruiterweg,14,G,5
3897LV,Bosruiterweg,16,G,6
3897LV,Bosruiterweg,14,G,6
3897LV,Bosruiterweg,16,G,6
3897LV,Bosruiterweg,14,G,6
3897LV,Bosruiterweg,16,H,1
3897LV,Bosruiterweg,14,H,1
3897LV,Bosruiterweg,16,H,1
3897LV,Bosruiterweg,14,H,1
3897LV,Bosruiterweg,16,H,2
3897LV,Bosruiterweg,14,H,2
3897LV,Bosruiterweg,16,H,2
3897LV,Bosruiterweg,14,H,2
3897LV,Bosruiterweg,16,H,3
3897LV,Bosruiterweg,14,H,3
3897LV,Bosruiterweg,16,H,3
3897LV,Bosruiterweg,14,H,3
3897LV,Bosruiterweg,16,H,4
3897LV,Bosruiterweg,14,H,4
3897LV,Bosruiterweg,16,H,4
3897LV,Bosruiterweg,14,H,4
3897LV,Bosruiterweg,16,H,5
3897LV,Bosruiterweg,14,H,5
3897LV,Bosruiterweg,16,H,5
3897LV,Bosruiterweg,14,H,5
3897LV,Bosruiterweg,16,H,6
3897LV,Bosruiterweg,14,H,6
3897LV,Bosruiterweg,16,H,6
3897LV,Bosruiterweg,14,H,6
3897LV,Bosruiterweg,16,H,7
3897LV,Bosruiterweg,14,H,7
3897LV,Bosruiterweg,16,H,7
3897LV,Bosruiterweg,14,H,7
3897LV,Bosruiterweg,16,H,8
3897LV,Bosruiterweg,14,H,8
3897LV,Bosruiterweg,16,H,8
3897LV,Bosruiterweg,14,H,8
3897LV,Bosruiterweg,16,J,1
3897LV,Bosruiterweg,14,J,1
3897LV,Bosruiterweg,16,J,1
3897LV,Bosruiterweg,14,J,1
3897LV,Bosruiterweg,16,J,2
3897LV,Bosruiterweg,14,J,2
3897LV,Bosruiterweg,16,J,2
3897LV,Bosruiterweg,14,J,2
3897LV,Bosruiterweg,16,J,3
3897LV,Bosruiterweg,14,J,3
3897LV,Bosruiterweg,16,J,3
3897LV,Bosruiterweg,14,J,3
3897LV,Bosruiterweg,16,J,4
3897LV,Bosruiterweg,14,J,4
3897LV,Bosruiterweg,16,J,4
3897LV,Bosruiterweg,14,J,4
3897LV,Bosruiterweg,16,J,5
3897LV,Bosruiterweg,14,J,5
3897LV,Bosruiterweg,16,J,5
3897LV,Bosruiterweg,14,J,5
3897LV,Bosruiterweg,16,J,6
3897LV,Bosruiterweg,14,J,6
3897LV,Bosruiterweg,16,J,6
3897LV,Bosruiterweg,14,J,6
3897LV,Bosruiterweg,16,J,7
3897LV,Bosruiterweg,14,J,7
3897LV,Bosruiterweg,16,J,7
3897LV,Bosruiterweg,14,J,7
3897LV,Bosruiterweg,16,J,8
3897LV,Bosruiterweg,14,J,8
3897LV,Bosruiterweg,16,J,8
3897LV,Bosruiterweg,14,J,8
3897LV,Bosruiterweg,16,K,1
3897LV,Bosruiterweg,14,K,1
3897LV,Bosruiterweg,16,K,1
3897LV,Bosruiterweg,14,K,1
3897LV,Bosruiterweg,16,K,2
3897LV,Bosruiterweg,14,K,2
3897LV,Bosruiterweg,16,K,2
3897LV,Bosruiterweg,14,K,2
3897LV,Bosruiterweg,16,K,3
3897LV,Bosruiterweg,14,K,3
3897LV,Bosruiterweg,16,K,3
3897LV,Bosruiterweg,14,K,3
3897LV,Bosruiterweg,16,K,4
3897LV,Bosruiterweg,14,K,4
3897LV,Bosruiterweg,16,K,4
3897LV,Bosruiterweg,14,K,4
3897LV,Bosruiterweg,16,K,5
3897LV,Bosruiterweg,14,K,5
3897LV,Bosruiterweg,16,K,5
3897LV,Bosruiterweg,14,K,5
3897LV,Bosruiterweg,16,K,6
3897LV,Bosruiterweg,14,K,6
3897LV,Bosruiterweg,16,K,6
3897LV,Bosruiterweg,14,K,6
3897LV,Bosruiterweg,16,K,7
3897LV,Bosruiterweg,14,K,7
3897LV,Bosruiterweg,16,K,7
3897LV,Bosruiterweg,14,K,7
3897LV,Bosruiterweg,16,K,8
3897LV,Bosruiterweg,14,K,8
3897LV,Bosruiterweg,16,K,8
3897LV,Bosruiterweg,14,K,8
3897LV,Bosruiterweg,16,L,1
3897LV,Bosruiterweg,14,L,1
3897LV,Bosruiterweg,16,L,1
3897LV,Bosruiterweg,16,L,2
3897LV,Bosruiterweg,14,L,2
3897LV,Bosruiterweg,16,L,2
3897LV,Bosruiterweg,16,L,3
3897LV,Bosruiterweg,14,L,3
3897LV,Bosruiterweg,16,L,3
3897LV,Bosruiterweg,16,L,4
3897LV,Bosruiterweg,14,L,4
3897LV,Bosruiterweg,16,L,4
3897LV,Bosruiterweg,16,L,5
3897LV,Bosruiterweg,14,L,5
3897LV,Bosruiterweg,16,L,5
3897LV,Bosruiterweg,16,L,6
3897LV,Bosruiterweg,14,L,6
3897LV,Bosruiterweg,16,L,6
3897LV,Bosruiterweg,16,L,7
3897LV,Bosruiterweg,14,L,7
3897LV,Bosruiterweg,16,L,7
3897LV,Bosruiterweg,16,L,8
3897LV,Bosruiterweg,14,L,8
3897LV,Bosruiterweg,16,L,8
3897LV,Bosruiterweg,16,M,1
3897LV,Bosruiterweg,14,M,1
3897LV,Bosruiterweg,16,M,1
3897LV,Bosruiterweg,16,M,2
3897LV,Bosruiterweg,14,M,2
3897LV,Bosruiterweg,16,M,2
3897LV,Bosruiterweg,16,M,3
3897LV,Bosruiterweg,14,M,3
3897LV,Bosruiterweg,16,M,3
3897LV,Bosruiterweg,16,M,4
3897LV,Bosruiterweg,14,M,4
3897LV,Bosruiterweg,16,M,4
3897LV,Bosruiterweg,16,M,5
3897LV,Bosruiterweg,14,M,5
3897LV,Bosruiterweg,16,M,5
3897LV,Bosruiterweg,16,M,6
3897LV,Bosruiterweg,14,M,6
3897LV,Bosruiterweg,16,M,6
3897LV,Bosruiterweg,16,M,7
3897LV,Bosruiterweg,14,M,7
3897LV,Bosruiterweg,16,M,7
3897LV,Bosruiterweg,16,M,8
3897LV,Bosruiterweg,14,M,8
3897LV,Bosruiterweg,16,M,8
3897LV,Bosruiterweg,16,N,1
3897LV,Bosruiterweg,14,N,1
3897LV,Bosruiterweg,16,N,1
3897LV,Bosruiterweg,16,N,2
3897LV,Bosruiterweg,14,N,2
3897LV,Bosruiterweg,16,N,2
3897LV,Bosruiterweg,16,N,3
3897LV,Bosruiterweg,14,N,3
3897LV,Bosruiterweg,16,N,3
3897LV,Bosruiterweg,16,N,4
3897LV,Bosruiterweg,14,N,4
3897LV,Bosruiterweg,16,N,4
3897LV,Bosruiterweg,16,N,5
3897LV,Bosruiterweg,14,N,5
3897LV,Bosruiterweg,16,N,5
3897LV,Bosruiterweg,16,N,6
3897LV,Bosruiterweg,14,N,6
3897LV,Bosruiterweg,16,N,6
3897LV,Bosruiterweg,16,P,1
3897LV,Bosruiterweg,14,P,1
3897LV,Bosruiterweg,16,P,1
3897LV,Bosruiterweg,16,P,2
3897LV,Bosruiterweg,14,P,2
3897LV,Bosruiterweg,16,P,2
3897LV,Bosruiterweg,16,P,3
3897LV,Bosruiterweg,14,P,3
3897LV,Bosruiterweg,16,P,3
3897LV,Bosruiterweg,16,P,4
3897LV,Bosruiterweg,14,P,4
3897LV,Bosruiterweg,16,P,4
3897LV,Bosruiterweg,16,P,5
3897LV,Bosruiterweg,14,P,5
3897LV,Bosruiterweg,16,P,5
3897LV,Bosruiterweg,16,P,6
3897LV,Bosruiterweg,14,P,6
3897LV,Bosruiterweg,16,P,6
3897LV,Bosruiterweg,16,Q,1
3897LV,Bosruiterweg,14,Q,1
3897LV,Bosruiterweg,16,Q,1
3897LV,Bosruiterweg,16,Q,2
3897LV,Bosruiterweg,14,Q,2
3897LV,Bosruiterweg,16,Q,2
3897LV,Bosruiterweg,16,Q,3
3897LV,Bosruiterweg,14,Q,3
3897LV,Bosruiterweg,16,Q,3
3897LV,Bosruiterweg,16,Q,4
3897LV,Bosruiterweg,14,Q,4
3897LV,Bosruiterweg,16,Q,4
3897LV,Bosruiterweg,16,Q,5
3897LV,Bosruiterweg,14,Q,5
3897LV,Bosruiterweg,16,Q,5
3897LV,Bosruiterweg,16,Q,6
3897LV,Bosruiterweg,14,Q,6
3897LV,Bosruiterweg,16,Q,6
3897LV,Bosruiterweg,16,Q,7
3897LV,Bosruiterweg,14,Q,7
3897LV,Bosruiterweg,16,Q,7
3897LV,Bosruiterweg,16,Q,8
3897LV,Bosruiterweg,14,Q,8
3897LV,Bosruiterweg,16,Q,8
3897LV,Bosruiterweg,25,,74
3897LV,Bosruiterweg,14,,41
3897LV,Bosruiterweg,14,,42
3897LV,Bosruiterweg,14,,39
3897LV,Bosruiterweg,14,,40
3897LV,Bosruiterweg,14,,37
3897LV,Bosruiterweg,14,,38
3897LV,Bosruiterweg,14,,35
3897LV,Bosruiterweg,14,,36
3897LV,Bosruiterweg,14,,44
3897LV,Bosruiterweg,14,,43
3897LV,Bosruiterweg,14,,45
3897LV,Bosruiterweg,14,,46
3897LV,Bosruiterweg,14,,47
3897LV,Bosruiterweg,14,,48
3897LV,Bosruiterweg,14,,49
3897LV,Bosruiterweg,14,,50
3897LV,Bosruiterweg,14,,51
3897LV,Bosruiterweg,14,,52
3897LV,Bosruiterweg,14,,53
3897LV,Bosruiterweg,14,,54
3897LV,Bosruiterweg,14,,55
3897LV,Bosruiterweg,14,,56
3897LV,Bosruiterweg,14,,57
3897LV,Bosruiterweg,14,,58
3897LV,Bosruiterweg,14,,59
3897LV,Bosruiterweg,14,,60
3897LV,Bosruiterweg,14,,61
3897LV,Bosruiterweg,14,,62
3897LV,Bosruiterweg,14,,31
3897LV,Bosruiterweg,14,,32
3897LV,Bosruiterweg,14,,29
3897LV,Bosruiterweg,14,,30
3897LV,Bosruiterweg,14,,27
3897LV,Bosruiterweg,14,,28
3897LV,Bosruiterweg,14,,25
3897LV,Bosruiterweg,14,,26
3897LV,Bosruiterweg,14,,23
3897LV,Bosruiterweg,14,,24
3897LV,Bosruiterweg,14,,21
3897LV,Bosruiterweg,14,,22
3897LV,Bosruiterweg,14,,19
3897LV,Bosruiterweg,14,,20
3897LV,Bosruiterweg,14,,126
3897LV,Bosruiterweg,14,,125
3897LV,Bosruiterweg,14,,124
3897LV,Bosruiterweg,14,,123
3897LV,Bosruiterweg,14,,122
3897LV,Bosruiterweg,14,,121
3897LV,Bosruiterweg,14,,120
3897LV,Bosruiterweg,14,,119
3897LV,Bosruiterweg,14,,118
3897LV,Bosruiterweg,14,,117
3897LV,Bosruiterweg,14,,127
3897LV,Bosruiterweg,14,,128
3897LV,Bosruiterweg,14,,129
3897LV,Bosruiterweg,14,,130
3897LV,Bosruiterweg,14,,131
3897LV,Bosruiterweg,14,,132
3897LV,Bosruiterweg,14,,133
3897LV,Bosruiterweg,14,,134
3897LV,Bosruiterweg,14,,17
3897LV,Bosruiterweg,14,,18
3897LV,Bosruiterweg,14,,15
3897LV,Bosruiterweg,14,,16
3897LV,Bosruiterweg,14,,13
3897LV,Bosruiterweg,14,,63
3897LV,Bosruiterweg,14,,64
3897LV,Bosruiterweg,14,,65
3897LV,Bosruiterweg,14,,66
3897LV,Bosruiterweg,14,,67
3897LV,Bosruiterweg,14,,68
3897LV,Bosruiterweg,14,,69
3897LV,Bosruiterweg,14,,70
3897LV,Bosruiterweg,14,,71
3897LV,Bosruiterweg,14,,72
3897LV,Bosruiterweg,14,,73
3897LV,Bosruiterweg,14,,74
3897LV,Bosruiterweg,14,,75
3897LV,Bosruiterweg,14,,76
3897LV,Bosruiterweg,14,,14
3897LV,Bosruiterweg,14,,11
3897LV,Bosruiterweg,14,,12
3897LV,Bosruiterweg,14,,09
3897LV,Bosruiterweg,14,,10
3897LV,Bosruiterweg,14,,07
3897LV,Bosruiterweg,14,,08
3897LV,Bosruiterweg,14,,05
3897LV,Bosruiterweg,14,,06
3897LV,Bosruiterweg,14,,03
3897LV,Bosruiterweg,14,,04
3897LV,Bosruiterweg,14,,01
3897LV,Bosruiterweg,14,,02
3897LV,Bosruiterweg,14,,116
3897LV,Bosruiterweg,14,,115
3897LV,Bosruiterweg,14,,114
3897LV,Bosruiterweg,14,,113
3897LV,Bosruiterweg,14,,112
3897LV,Bosruiterweg,14,,111
3897LV,Bosruiterweg,14,,110
3897LV,Bosruiterweg,14,,109
3897LV,Bosruiterweg,14,,139
3897LV,Bosruiterweg,14,,140
3897LV,Bosruiterweg,14,,141
3897LV,Bosruiterweg,14,,142
3897LV,Bosruiterweg,14,,145
3897LV,Bosruiterweg,14,,146
3897LV,Bosruiterweg,14,,147
3897LV,Bosruiterweg,14,,148
3897LV,Bosruiterweg,14,,149
3897LV,Bosruiterweg,14,,150
3897LV,Bosruiterweg,14,,151
3897LV,Bosruiterweg,14,,152
3897LV,Bosruiterweg,14,,153
3897LV,Bosruiterweg,14,,154
3897LV,Bosruiterweg,14,,108
3897LV,Bosruiterweg,14,,107
3897LV,Bosruiterweg,14,,106
3897LV,Bosruiterweg,14,,105
3897LV,Bosruiterweg,14,,104
3897LV,Bosruiterweg,14,,103
3897LV,Bosruiterweg,14,,102
3897LV,Bosruiterweg,14,,101
3897LV,Bosruiterweg,14,,100
3897LV,Bosruiterweg,14,,99
3897LV,Bosruiterweg,14,,98
3897LV,Bosruiterweg,14,,97
3897LV,Bosruiterweg,14,,79
3897LV,Bosruiterweg,14,,80
3897LV,Bosruiterweg,14,,81
3897LV,Bosruiterweg,14,,82
3897LV,Bosruiterweg,14,,83
3897LV,Bosruiterweg,14,,84
3897LV,Bosruiterweg,14,,85
3897LV,Bosruiterweg,14,,86
3897LV,Bosruiterweg,14,,87
3897LV,Bosruiterweg,14,,88
3897LV,Bosruiterweg,14,,89
3897LV,Bosruiterweg,14,,90
3897LV,Bosruiterweg,14,,91
3897LV,Bosruiterweg,14,,92
3897LV,Bosruiterweg,14,,
3897LV,Bosruiterweg,14,,155
3897LV,Bosruiterweg,14,,156
3897LV,Bosruiterweg,14,,157
3897LV,Bosruiterweg,14,,158
3897LV,Bosruiterweg,14,,159
3897LV,Bosruiterweg,14,,160
3897LV,Bosruiterweg,14,,161
3897LV,Bosruiterweg,14,,162
3897LV,Bosruiterweg,14,,163
3897LV,Bosruiterweg,14,,164
3897LV,Bosruiterweg,14,,165
3897LV,Bosruiterweg,14,,166
3897LV,Bosruiterweg,14,,167
3897LV,Bosruiterweg,14,,168
3897LV,Bosruiterweg,14,,169
3897LV,Bosruiterweg,14,,170
3897LV,Bosruiterweg,16,V,
3897LV,Bosruiterweg,14,V,
3897LV,Bosruiterweg,16,V,
3897LV,Bosruiterweg,16,X,
3897LV,Bosruiterweg,14,X,
3897LV,Bosruiterweg,16,X,
3897LV,Bosruiterweg,16,Y,
3897LV,Bosruiterweg,14,Y,
3897LV,Bosruiterweg,16,Y,
3897LV,Bosruiterweg,16,U,
3897LV,Bosruiterweg,14,U,
3897LV,Bosruiterweg,16,U,
3897LV,Bosruiterweg,16,S,
3897LV,Bosruiterweg,14,S,
3897LV,Bosruiterweg,16,S,
3897LV,Bosruiterweg,2,,
3897LV,Bosruiterweg,25,,127
3897LV,Bosruiterweg,25,,128
3897LV,Bosruiterweg,25,,176
3897LV,Bosruiterweg,25,,19
3897LV,Bosruiterweg,25,,16
3897LV,Bosruiterweg,25,,128
3897LV,Bosruiterweg,14,A,1
3897LV,Bosruiterweg,14,A,2
3897LV,Bosruiterweg,14,A,3
3897LV,Bosruiterweg,14,A,4
3897LV,Bosruiterweg,14,A,5
3897LV,Bosruiterweg,14,A,6
3897LV,Bosruiterweg,14,A,7
3897LV,Bosruiterweg,14,A,8
3897LV,Bosruiterweg,14,A,9
3897LV,Bosruiterweg,14,A,10
3897LV,Bosruiterweg,14,A,11
3897LV,Bosruiterweg,14,A,12
3897LV,Bosruiterweg,14,A,13
3897LV,Bosruiterweg,14,A,14
3897LV,Bosruiterweg,14,A,15
3897LV,Bosruiterweg,14,A,16
3897LV,Bosruiterweg,14,A,17
3897LV,Bosruiterweg,14,A,18
3897LV,Bosruiterweg,14,A,19
3897LV,Bosruiterweg,14,A,20
3897LV,Bosruiterweg,14,A,21
3897LV,Bosruiterweg,14,A,22
3897LV,Bosruiterweg,14,A,23
3897LV,Bosruiterweg,14,A,24
3897LV,Bosruiterweg,14,C,1
3897LV,Bosruiterweg,14,C,2
3897LV,Bosruiterweg,14,C,3
3897LV,Bosruiterweg,14,C,4
3897LV,Bosruiterweg,14,C,5
3897LV,Bosruiterweg,14,C,6
3897LV,Bosruiterweg,14,C,7
3897LV,Bosruiterweg,14,C,7
3897LV,Bosruiterweg,14,C,8
3897LV,Bosruiterweg,14,C,9
3897LV,Bosruiterweg,14,C,10
3897LV,Bosruiterweg,14,C,11
3897LV,Bosruiterweg,14,C,12
3897LV,Bosruiterweg,14,C,13
3897LV,Bosruiterweg,14,C,14
3897LV,Bosruiterweg,14,C,15
3897LV,Bosruiterweg,14,C,16
3897LV,Bosruiterweg,14,C,17
3897LV,Bosruiterweg,14,C,18
3897LV,Bosruiterweg,14,C,19
3897LV,Bosruiterweg,14,C,20
3897LV,Bosruiterweg,14,B,1
3897LV,Bosruiterweg,14,B,3
3897LV,Bosruiterweg,14,B,5
3897LV,Bosruiterweg,14,B,7
3897LV,Bosruiterweg,14,B,2
3897LV,Bosruiterweg,14,B,4
3897LV,Bosruiterweg,14,B,6
3897LV,Bosruiterweg,14,B,8
3897LV,Bosruiterweg,14,B,9
3897LV,Bosruiterweg,14,B,11
3897LV,Bosruiterweg,14,B,13
3897LV,Bosruiterweg,14,B,15
3897LV,Bosruiterweg,14,B,10
3897LV,Bosruiterweg,14,B,12
3897LV,Bosruiterweg,14,B,16
3897LV,Bosruiterweg,14,B,14
3897LV,Bosruiterweg,14,B,17
3897LV,Bosruiterweg,14,B,18
3897LV,Bosruiterweg,14,B,19
3897LV,Bosruiterweg,14,B,20
3897LV,Bosruiterweg,14,B,21
3897LV,Bosruiterweg,14,B,22
3897LV,Bosruiterweg,14,B,23
3897LV,Bosruiterweg,14,B,24
3897LV,Bosruiterweg,14,A,25
3897LV,Bosruiterweg,14,A,26
3897LV,Bosruiterweg,14,A,27
3897LV,Bosruiterweg,14,A,28
3897LV,Bosruiterweg,14,A,29
3897LV,Bosruiterweg,14,A,30
3897LV,Bosruiterweg,14,A,31
3897LV,Bosruiterweg,14,A,32
3897LV,Bosruiterweg,14,A,33
3897LV,Bosruiterweg,14,A,34
3897LV,Bosruiterweg,14,A,35
3897LV,Bosruiterweg,14,A,36
3897LV,Bosruiterweg,14,C,21
3897LV,Bosruiterweg,14,C,22
3897LV,Bosruiterweg,14,C,23
3897LV,Bosruiterweg,14,C,24
3897LV,Bosruiterweg,14,C,25
3897LV,Bosruiterweg,14,C,26
3897LV,Bosruiterweg,14,C,27
3897LV,Bosruiterweg,14,C,28
3897LV,Bosruiterweg,14,C,29
3897LV,Bosruiterweg,14,C,30
3897LV,Bosruiterweg,25,,52
3897LV,Bosruiterweg,25,,51
3897LV,Bosruiterweg,25,,201
3897LV,Bosruiterweg,16,S,
3897LV,Bosruiterweg,16,Z,
3897LV,Bosruiterweg,25,,163
3897LV,Bosruiterweg,25,,191
3897LV,Bosruiterweg,25,,192
3897LV,Bosruiterweg,25,,188
3896LT,Dasselaarweg,1,,
3896LT,Dasselaarweg,1,,13
3896LT,Dasselaarweg,1,,5
3896LT,Dasselaarweg,1,,53
3896LT,Dasselaarweg,1,,57
3896LT,Dasselaarweg,1,,61
3896LT,Dasselaarweg,1,,65
3896LT,Dasselaarweg,1,,69
3896LT,Dasselaarweg,1,,74
3896LT,Dasselaarweg,1,,78
3896LT,Dasselaarweg,1,,81
3896LT,Dasselaarweg,1,,85
3896LT,Dasselaarweg,1,,89
3896LT,Dasselaarweg,1,,92
3896LT,Dasselaarweg,18,,
3896LT,Dasselaarweg,49,,
3896LT,Dasselaarweg,1,,22
3896LT,Dasselaarweg,1,,71
3896LT,Dasselaarweg,1,,27
3896LT,Dasselaarweg,1,,32
3896LT,Dasselaarweg,1,,37
3896LT,Dasselaarweg,1,,42
3896LT,Dasselaarweg,1,,47
3896LT,Dasselaarweg,27,A,
3896LT,Dasselaarweg,29,A,
3896LT,Dasselaarweg,41,A,
3896LT,Dasselaarweg,53,,
3896LT,Dasselaarweg,57,,
3896LT,Dasselaarweg,1,,616
3896LT,Dasselaarweg,1,,617
3896LT,Dasselaarweg,1,,619
3896LT,Dasselaarweg,1,,615
3896LT,Dasselaarweg,1,,618
3896LT,Dasselaarweg,1,,614
3896LT,Dasselaarweg,1,,619
3896LT,Dasselaarweg,1,,617
3896LT,Dasselaarweg,1,,613
3896LT,Dasselaarweg,1,,612
3896LT,Dasselaarweg,1,,611
3896LT,Dasselaarweg,1,,610
3896LT,Dasselaarweg,1,,609
3896LT,Dasselaarweg,1,,608
3896LT,Dasselaarweg,1,,607
3896LT,Dasselaarweg,1,,602
3896LT,Dasselaarweg,1,,601
3896LT,Dasselaarweg,1,,606
3896LT,Dasselaarweg,1,,605
3896LT,Dasselaarweg,1,,604
3896LT,Dasselaarweg,1,,603
3896LT,Dasselaarweg,1,,620
3896LT,Dasselaarweg,1,,620
3896LT,Dasselaarweg,1,,621
3896LT,Dasselaarweg,1,,621
3896LT,Dasselaarweg,1,,622
3896LT,Dasselaarweg,1,,622
3896LT,Dasselaarweg,1,,623
3896LT,Dasselaarweg,1,,623
3896LT,Dasselaarweg,1,,624
3896LT,Dasselaarweg,1,,624
3896LT,Dasselaarweg,1,,625
3896LT,Dasselaarweg,1,,625
3896LT,Dasselaarweg,1,,626
3896LT,Dasselaarweg,1,,626
3896LT,Dasselaarweg,1,,627
3896LT,Dasselaarweg,1,,627
3896LT,Dasselaarweg,1,,628
3896LT,Dasselaarweg,1,,628
3896LT,Dasselaarweg,1,,629
3896LT,Dasselaarweg,1,,629
3896LT,Dasselaarweg,1,,630
3896LT,Dasselaarweg,1,,630
3896LT,Dasselaarweg,1,,631
3896LT,Dasselaarweg,1,,631
3896LT,Dasselaarweg,1,,632
3896LT,Dasselaarweg,1,,632
3896LT,Dasselaarweg,1,,633
3896LT,Dasselaarweg,1,,633
3896LT,Dasselaarweg,1,,634
3896LT,Dasselaarweg,1,,634
3896LT,Dasselaarweg,1,,635
3896LT,Dasselaarweg,1,,635
3896LT,Dasselaarweg,1,,636
3896LT,Dasselaarweg,1,,636
3896LT,Dasselaarweg,1,,637
3896LT,Dasselaarweg,1,,637
3896LT,Dasselaarweg,1,,638
3896LT,Dasselaarweg,1,,638
3896LT,Dasselaarweg,1,,639
3896LT,Dasselaarweg,1,,639
3896LT,Dasselaarweg,1,,655
3896LT,Dasselaarweg,1,,655
3896LT,Dasselaarweg,1,,656
3896LT,Dasselaarweg,1,,656
3896LT,Dasselaarweg,1,,657
3896LT,Dasselaarweg,1,,657
3896LT,Dasselaarweg,1,,658
3896LT,Dasselaarweg,1,,658
3896LT,Dasselaarweg,1,,659
3896LT,Dasselaarweg,1,,659
3896LT,Dasselaarweg,1,,660
3896LT,Dasselaarweg,1,,660
3896LT,Dasselaarweg,1,,661
3896LT,Dasselaarweg,1,,661
3896LT,Dasselaarweg,1,,662
3896LT,Dasselaarweg,1,,662
3896LT,Dasselaarweg,1,,668
3896LT,Dasselaarweg,1,,668
3896LT,Dasselaarweg,1,,663
3896LT,Dasselaarweg,1,,663
3896LT,Dasselaarweg,1,,664
3896LT,Dasselaarweg,1,,664
3896LT,Dasselaarweg,1,,665
3896LT,Dasselaarweg,1,,665
3896LT,Dasselaarweg,1,,666
3896LT,Dasselaarweg,1,,666
3896LT,Dasselaarweg,1,,667
3896LT,Dasselaarweg,1,,667
3896LT,Dasselaarweg,1,,669
3896LT,Dasselaarweg,1,,669
3896LT,Dasselaarweg,1,,670
3896LT,Dasselaarweg,1,,670
3896LT,Dasselaarweg,1,,671
3896LT,Dasselaarweg,1,,671
3896LT,Dasselaarweg,1,,672
3896LT,Dasselaarweg,1,,672
3896LT,Dasselaarweg,1,,673
3896LT,Dasselaarweg,1,,673
3896LT,Dasselaarweg,1,,674
3896LT,Dasselaarweg,1,,674
3896LT,Dasselaarweg,1,,675
3896LT,Dasselaarweg,1,,675
3896LT,Dasselaarweg,1,,676
3896LT,Dasselaarweg,1,,676
3896LT,Dasselaarweg,1,,677
3896LT,Dasselaarweg,1,,677
3896LT,Dasselaarweg,1,,678
3896LT,Dasselaarweg,1,,678
3896LT,Dasselaarweg,1,,679
3896LT,Dasselaarweg,1,,679
3896LT,Dasselaarweg,1,,680
3896LT,Dasselaarweg,1,,680
3896LT,Dasselaarweg,1,,681
3896LT,Dasselaarweg,1,,681
3896LT,Dasselaarweg,1,,682
3896LT,Dasselaarweg,1,,682
3896LT,Dasselaarweg,1,,683
3896LT,Dasselaarweg,1,,683
3896LT,Dasselaarweg,1,,684
3896LT,Dasselaarweg,1,,684
3896LT,Dasselaarweg,1,,685
3896LT,Dasselaarweg,1,,685
3896LT,Dasselaarweg,1,,686
3896LT,Dasselaarweg,1,,686
3896LT,Dasselaarweg,1,,687
3896LT,Dasselaarweg,1,,687
3896LT,Dasselaarweg,1,,688
3896LT,Dasselaarweg,1,,688
3896LT,Dasselaarweg,1,,689
3896LT,Dasselaarweg,1,,689
3896LT,Dasselaarweg,1,,690
3896LT,Dasselaarweg,1,,690
3896LT,Dasselaarweg,1,,691
3896LT,Dasselaarweg,1,,691
3896LT,Dasselaarweg,1,,692
3896LT,Dasselaarweg,1,,692
3896LT,Dasselaarweg,1,,693
3896LT,Dasselaarweg,1,,693
3896LT,Dasselaarweg,1,,694
3896LT,Dasselaarweg,1,,694
3896LT,Dasselaarweg,1,,695
3896LT,Dasselaarweg,1,,695
3896LT,Dasselaarweg,1,,696
3896LT,Dasselaarweg,1,,696
3896LT,Dasselaarweg,1,,697
3896LT,Dasselaarweg,1,,697
3896LT,Dasselaarweg,1,,698
3896LT,Dasselaarweg,1,,698
3896LT,Dasselaarweg,1,,699
3896LT,Dasselaarweg,1,,699
3896LT,Dasselaarweg,1,,700
3896LT,Dasselaarweg,1,,700
3896LT,Dasselaarweg,1,,701
3896LT,Dasselaarweg,1,,701
3896LT,Dasselaarweg,1,,702
3896LT,Dasselaarweg,1,,702
3896LT,Dasselaarweg,1,,704
3896LT,Dasselaarweg,1,,704
3896LT,Dasselaarweg,1,,707
3896LT,Dasselaarweg,1,,707
3896LT,Dasselaarweg,1,,708
3896LT,Dasselaarweg,1,,708
3896LT,Dasselaarweg,1,,709
3896LT,Dasselaarweg,1,,709
3896LT,Dasselaarweg,1,,710
3896LT,Dasselaarweg,1,,710
3896LT,Dasselaarweg,1,,710A
3896LT,Dasselaarweg,1,,710A
3896LT,Dasselaarweg,1,,711
3896LT,Dasselaarweg,1,,711
3896LT,Dasselaarweg,1,,712
3896LT,Dasselaarweg,1,,712
3896LT,Dasselaarweg,1,,713
3896LT,Dasselaarweg,1,,713
3896LT,Dasselaarweg,1,,714
3896LT,Dasselaarweg,1,,714
3896LT,Dasselaarweg,1,,715
3896LT,Dasselaarweg,1,,715
3896LT,Dasselaarweg,1,,716
3896LT,Dasselaarweg,1,,716
3896LT,Dasselaarweg,1,,717
3896LT,Dasselaarweg,1,,717
3896LT,Dasselaarweg,1,,718
3896LT,Dasselaarweg,1,,718
3896LT,Dasselaarweg,1,,719
3896LT,Dasselaarweg,1,,719
3896LT,Dasselaarweg,1,,719A
3896LT,Dasselaarweg,1,,719A
3896LT,Dasselaarweg,1,,720
3896LT,Dasselaarweg,1,,720
3896LT,Dasselaarweg,1,,721
3896LT,Dasselaarweg,1,,721
3896LT,Dasselaarweg,1,,722
3896LT,Dasselaarweg,1,,722
3896LT,Dasselaarweg,1,,723
3896LT,Dasselaarweg,1,,723
3896LT,Dasselaarweg,1,,724
3896LT,Dasselaarweg,1,,724
3896LT,Dasselaarweg,1,,725
3896LT,Dasselaarweg,1,,725
3896LT,Dasselaarweg,1,,726
3896LT,Dasselaarweg,1,,726
3896LT,Dasselaarweg,1,,727
3896LT,Dasselaarweg,1,,727
3896LT,Dasselaarweg,1,,728
3896LT,Dasselaarweg,1,,728
3896LT,Dasselaarweg,1,,729
3896LT,Dasselaarweg,1,,729
3896LT,Dasselaarweg,1,,730
3896LT,Dasselaarweg,1,,730
3896LT,Dasselaarweg,1,,732
3896LT,Dasselaarweg,1,,732
3896LT,Dasselaarweg,1,,733
3896LT,Dasselaarweg,1,,733
3896LT,Dasselaarweg,1,,734
3896LT,Dasselaarweg,1,,734
3896LT,Dasselaarweg,1,,735
3896LT,Dasselaarweg,1,,735
3896LT,Dasselaarweg,1,,736
3896LT,Dasselaarweg,1,,736
3896LT,Dasselaarweg,1,,737
3896LT,Dasselaarweg,1,,737
3896LT,Dasselaarweg,1,,737A
3896LT,Dasselaarweg,1,,737A
3896LT,Dasselaarweg,1,,737B
3896LT,Dasselaarweg,1,,737B
3896LT,Dasselaarweg,1,,737C
3896LT,Dasselaarweg,1,,737C
3896LT,Dasselaarweg,1,,738
3896LT,Dasselaarweg,1,,738
3896LT,Dasselaarweg,1,,739
3896LT,Dasselaarweg,1,,739
3896LT,Dasselaarweg,1,,740
3896LT,Dasselaarweg,1,,740
3896LT,Dasselaarweg,1,,742
3896LT,Dasselaarweg,1,,742
3896LT,Dasselaarweg,1,,743
3896LT,Dasselaarweg,1,,743
3896LT,Dasselaarweg,1,,744
3896LT,Dasselaarweg,1,,744
3896LT,Dasselaarweg,1,,745
3896LT,Dasselaarweg,1,,745
3896LT,Dasselaarweg,1,,746
3896LT,Dasselaarweg,1,,746
3896LT,Dasselaarweg,1,,747
3896LT,Dasselaarweg,1,,747
3896LT,Dasselaarweg,1,,748
3896LT,Dasselaarweg,1,,748
3896LT,Dasselaarweg,1,,749
3896LT,Dasselaarweg,1,,749
3896LT,Dasselaarweg,1,,750
3896LT,Dasselaarweg,1,,750
3896LT,Dasselaarweg,1,,751
3896LT,Dasselaarweg,1,,751
3896LT,Dasselaarweg,1,,1226
3896LT,Dasselaarweg,1,,1226
3896LT,Dasselaarweg,1,,1225
3896LT,Dasselaarweg,1,,1225
3896LT,Dasselaarweg,1,,1224
3896LT,Dasselaarweg,1,,1224
3896LT,Dasselaarweg,1,,1223
3896LT,Dasselaarweg,1,,1223
3896LT,Dasselaarweg,1,,1222
3896LT,Dasselaarweg,1,,1222
3896LT,Dasselaarweg,1,,1221
3896LT,Dasselaarweg,1,,1221
3896LT,Dasselaarweg,1,,1220
3896LT,Dasselaarweg,1,,1220
3896LT,Dasselaarweg,1,,1219
3896LT,Dasselaarweg,1,,1219
3896LT,Dasselaarweg,1,,1218
3896LT,Dasselaarweg,1,,1218
3896LT,Dasselaarweg,1,,1217
3896LT,Dasselaarweg,1,,1217
3896LT,Dasselaarweg,1,,1216
3896LT,Dasselaarweg,1,,1216
3896LT,Dasselaarweg,1,,1215
3896LT,Dasselaarweg,1,,1215
3896LT,Dasselaarweg,1,,1214
3896LT,Dasselaarweg,1,,1214
3896LT,Dasselaarweg,1,,1213
3896LT,Dasselaarweg,1,,1213
3896LT,Dasselaarweg,1,,1212
3896LT,Dasselaarweg,1,,1212
3896LT,Dasselaarweg,1,,741
3896LT,Dasselaarweg,1,,741
3896LT,Dasselaarweg,1,,752
3896LT,Dasselaarweg,1,,752
3896LT,Dasselaarweg,1,,753
3896LT,Dasselaarweg,1,,753
3896LT,Dasselaarweg,1,,754
3896LT,Dasselaarweg,1,,754
3896LT,Dasselaarweg,1,,755
3896LT,Dasselaarweg,1,,755
3896LT,Dasselaarweg,1,,756
3896LT,Dasselaarweg,1,,756
3896LT,Dasselaarweg,1,,757
3896LT,Dasselaarweg,1,,757
3896LT,Dasselaarweg,1,,758
3896LT,Dasselaarweg,1,,758
3896LT,Dasselaarweg,1,,759
3896LT,Dasselaarweg,1,,759
3896LT,Dasselaarweg,1,,760
3896LT,Dasselaarweg,1,,760
3896LT,Dasselaarweg,1,,761
3896LT,Dasselaarweg,1,,761
3896LT,Dasselaarweg,1,,762
3896LT,Dasselaarweg,1,,762
3896LT,Dasselaarweg,1,,763
3896LT,Dasselaarweg,1,,763
3896LT,Dasselaarweg,1,,1211
3896LT,Dasselaarweg,1,,1211
3896LT,Dasselaarweg,1,,1210
3896LT,Dasselaarweg,1,,1210
3896LT,Dasselaarweg,1,,1209
3896LT,Dasselaarweg,1,,1209
3896LT,Dasselaarweg,1,,1208
3896LT,Dasselaarweg,1,,1208
3896LT,Dasselaarweg,1,,1207
3896LT,Dasselaarweg,1,,1207
3896LT,Dasselaarweg,1,,1206
3896LT,Dasselaarweg,1,,1206
3896LT,Dasselaarweg,1,,1205
3896LT,Dasselaarweg,1,,1205
3896LT,Dasselaarweg,1,,1204
3896LT,Dasselaarweg,1,,1204
3896LT,Dasselaarweg,1,,1203
3896LT,Dasselaarweg,1,,1203
3896LT,Dasselaarweg,1,,1202
3896LT,Dasselaarweg,1,,1202
3896LT,Dasselaarweg,1,,1201
3896LT,Dasselaarweg,1,,1201
3896LT,Dasselaarweg,1,,764
3896LT,Dasselaarweg,1,,764
3896LT,Dasselaarweg,1,,765
3896LT,Dasselaarweg,1,,765
3896LT,Dasselaarweg,1,,766
3896LT,Dasselaarweg,1,,766
3896LT,Dasselaarweg,1,,767
3896LT,Dasselaarweg,1,,767
3896LT,Dasselaarweg,1,,768
3896LT,Dasselaarweg,1,,768
3896LT,Dasselaarweg,1,,769
3896LT,Dasselaarweg,1,,769
3896LT,Dasselaarweg,1,,770
3896LT,Dasselaarweg,1,,770
3896LT,Dasselaarweg,1,,771
3896LT,Dasselaarweg,1,,771
3896LT,Dasselaarweg,1,,772
3896LT,Dasselaarweg,1,,772
3896LT,Dasselaarweg,1,,773
3896LT,Dasselaarweg,1,,773
3896LT,Dasselaarweg,1,,774
3896LT,Dasselaarweg,1,,774
3896LT,Dasselaarweg,1,,775
3896LT,Dasselaarweg,1,,775
3896LT,Dasselaarweg,1,,1009
3896LT,Dasselaarweg,1,,1009
3896LT,Dasselaarweg,1,,1008
3896LT,Dasselaarweg,1,,1008
3896LT,Dasselaarweg,1,,1007
3896LT,Dasselaarweg,1,,1007
3896LT,Dasselaarweg,1,,1006
3896LT,Dasselaarweg,1,,1006
3896LT,Dasselaarweg,1,,1005
3896LT,Dasselaarweg,1,,1005
3896LT,Dasselaarweg,1,,1004
3896LT,Dasselaarweg,1,,1004
3896LT,Dasselaarweg,1,,1003
3896LT,Dasselaarweg,1,,1003
3896LT,Dasselaarweg,1,,1003
3896LT,Dasselaarweg,1,,1002
3896LT,Dasselaarweg,1,,1002
3896LT,Dasselaarweg,1,,1001
3896LT,Dasselaarweg,1,,1001
3896LT,Dasselaarweg,1,,1000
3896LT,Dasselaarweg,1,,1000
3896LT,Dasselaarweg,1,,999
3896LT,Dasselaarweg,1,,999
3896LT,Dasselaarweg,1,,998
3896LT,Dasselaarweg,1,,998
3896LT,Dasselaarweg,1,,997
3896LT,Dasselaarweg,1,,997
3896LT,Dasselaarweg,1,,996
3896LT,Dasselaarweg,1,,996
3896LT,Dasselaarweg,1,,995
3896LT,Dasselaarweg,1,,995
3896LT,Dasselaarweg,1,,994
3896LT,Dasselaarweg,1,,994
3896LT,Dasselaarweg,1,,993
3896LT,Dasselaarweg,1,,993
3896LT,Dasselaarweg,1,,992
3896LT,Dasselaarweg,1,,992
3896LT,Dasselaarweg,1,,991
3896LT,Dasselaarweg,1,,991
3896LT,Dasselaarweg,1,,990
3896LT,Dasselaarweg,1,,990
3896LT,Dasselaarweg,1,,989
3896LT,Dasselaarweg,1,,989
3896LT,Dasselaarweg,1,,987
3896LT,Dasselaarweg,1,,987
3896LT,Dasselaarweg,1,,986
3896LT,Dasselaarweg,1,,986
3896LT,Dasselaarweg,1,,985
3896LT,Dasselaarweg,1,,985
3896LT,Dasselaarweg,1,,984
3896LT,Dasselaarweg,1,,984
3896LT,Dasselaarweg,1,,983
3896LT,Dasselaarweg,1,,983
3896LT,Dasselaarweg,1,,982
3896LT,Dasselaarweg,1,,982
3896LT,Dasselaarweg,1,,981
3896LT,Dasselaarweg,1,,981
3896LT,Dasselaarweg,1,,980
3896LT,Dasselaarweg,1,,980
3896LT,Dasselaarweg,1,,776
3896LT,Dasselaarweg,1,,776
3896LT,Dasselaarweg,1,,776A
3896LT,Dasselaarweg,1,,776A
3896LT,Dasselaarweg,1,,777
3896LT,Dasselaarweg,1,,777
3896LT,Dasselaarweg,1,,778
3896LT,Dasselaarweg,1,,778
3896LT,Dasselaarweg,1,,780
3896LT,Dasselaarweg,1,,780
3896LT,Dasselaarweg,1,,781
3896LT,Dasselaarweg,1,,781
3896LT,Dasselaarweg,1,,782
3896LT,Dasselaarweg,1,,782
3896LT,Dasselaarweg,1,,783
3896LT,Dasselaarweg,1,,783
3896LT,Dasselaarweg,1,,784
3896LT,Dasselaarweg,1,,784
3896LT,Dasselaarweg,1,,785
3896LT,Dasselaarweg,1,,785
3896LT,Dasselaarweg,1,,786
3896LT,Dasselaarweg,1,,786
3896LT,Dasselaarweg,1,,787
3896LT,Dasselaarweg,1,,787
3896LT,Dasselaarweg,1,,788
3896LT,Dasselaarweg,1,,788
3896LT,Dasselaarweg,1,,789
3896LT,Dasselaarweg,1,,789
3896LT,Dasselaarweg,1,,790
3896LT,Dasselaarweg,1,,790
3896LT,Dasselaarweg,1,,791
3896LT,Dasselaarweg,1,,791
3896LT,Dasselaarweg,1,,792
3896LT,Dasselaarweg,1,,792
3896LT,Dasselaarweg,1,,793
3896LT,Dasselaarweg,1,,793
3896LT,Dasselaarweg,1,,793A
3896LT,Dasselaarweg,1,,793A
3896LT,Dasselaarweg,1,,979
3896LT,Dasselaarweg,1,,979
3896LT,Dasselaarweg,1,,978
3896LT,Dasselaarweg,1,,978
3896LT,Dasselaarweg,1,,977
3896LT,Dasselaarweg,1,,977
3896LT,Dasselaarweg,1,,976
3896LT,Dasselaarweg,1,,976
3896LT,Dasselaarweg,1,,975
3896LT,Dasselaarweg,1,,975
3896LT,Dasselaarweg,1,,974
3896LT,Dasselaarweg,1,,974
3896LT,Dasselaarweg,1,,973
3896LT,Dasselaarweg,1,,973
3896LT,Dasselaarweg,1,,972
3896LT,Dasselaarweg,1,,972
3896LT,Dasselaarweg,1,,971
3896LT,Dasselaarweg,1,,971
3896LT,Dasselaarweg,1,,970
3896LT,Dasselaarweg,1,,970
3896LT,Dasselaarweg,1,,969
3896LT,Dasselaarweg,1,,969
3896LT,Dasselaarweg,1,,967
3896LT,Dasselaarweg,1,,967
3896LT,Dasselaarweg,1,,966
3896LT,Dasselaarweg,1,,966
3896LT,Dasselaarweg,1,,965
3896LT,Dasselaarweg,1,,965
3896LT,Dasselaarweg,1,,964
3896LT,Dasselaarweg,1,,964
3896LT,Dasselaarweg,1,,963
3896LT,Dasselaarweg,1,,963
3896LT,Dasselaarweg,1,,962
3896LT,Dasselaarweg,1,,962
3896LT,Dasselaarweg,1,,961
3896LT,Dasselaarweg,1,,961
3896LT,Dasselaarweg,1,,960
3896LT,Dasselaarweg,1,,960
3896LT,Dasselaarweg,1,,959
3896LT,Dasselaarweg,1,,959
3896LT,Dasselaarweg,1,,794
3896LT,Dasselaarweg,1,,794
3896LT,Dasselaarweg,1,,795
3896LT,Dasselaarweg,1,,795
3896LT,Dasselaarweg,796,,
3896LT,Dasselaarweg,1,,796
3896LT,Dasselaarweg,1,,796
3896LT,Dasselaarweg,1,,797
3896LT,Dasselaarweg,1,,797
3896LT,Dasselaarweg,1,,798
3896LT,Dasselaarweg,1,,798
3896LT,Dasselaarweg,1,,799
3896LT,Dasselaarweg,1,,799
3896LT,Dasselaarweg,1,,800
3896LT,Dasselaarweg,1,,800
3896LT,Dasselaarweg,1,,801
3896LT,Dasselaarweg,1,,801
3896LT,Dasselaarweg,1,,802
3896LT,Dasselaarweg,1,,802
3896LT,Dasselaarweg,1,,803
3896LT,Dasselaarweg,1,,803
3896LT,Dasselaarweg,1,,804
3896LT,Dasselaarweg,1,,804
3896LT,Dasselaarweg,1,,805
3896LT,Dasselaarweg,1,,805
3896LT,Dasselaarweg,1,,806
3896LT,Dasselaarweg,1,,806
3896LT,Dasselaarweg,1,,807
3896LT,Dasselaarweg,1,,807
3896LT,Dasselaarweg,1,,808
3896LT,Dasselaarweg,1,,808
3896LT,Dasselaarweg,1,,809
3896LT,Dasselaarweg,1,,809
3896LT,Dasselaarweg,1,,958A
3896LT,Dasselaarweg,1,,958A
3896LT,Dasselaarweg,1,,958
3896LT,Dasselaarweg,1,,958
3896LT,Dasselaarweg,1,,957
3896LT,Dasselaarweg,1,,957
3896LT,Dasselaarweg,1,,956
3896LT,Dasselaarweg,1,,956
3896LT,Dasselaarweg,1,,955
3896LT,Dasselaarweg,1,,955
3896LT,Dasselaarweg,1,,954
3896LT,Dasselaarweg,1,,954
3896LT,Dasselaarweg,1,,953
3896LT,Dasselaarweg,1,,953
3896LT,Dasselaarweg,1,,952
3896LT,Dasselaarweg,1,,952
3896LT,Dasselaarweg,1,,951
3896LT,Dasselaarweg,1,,951
3896LT,Dasselaarweg,1,,950
3896LT,Dasselaarweg,1,,950
3896LT,Dasselaarweg,1,,949
3896LT,Dasselaarweg,1,,949
3896LT,Dasselaarweg,1,,947
3896LT,Dasselaarweg,1,,947
3896LT,Dasselaarweg,1,,946
3896LT,Dasselaarweg,1,,946
3896LT,Dasselaarweg,1,,944
3896LT,Dasselaarweg,1,,944
3896LT,Dasselaarweg,1,,943
3896LT,Dasselaarweg,1,,943
3896LT,Dasselaarweg,1,,945
3896LT,Dasselaarweg,1,,942
3896LT,Dasselaarweg,1,,942
3896LT,Dasselaarweg,1,,941
3896LT,Dasselaarweg,1,,941
3896LT,Dasselaarweg,1,,811
3896LT,Dasselaarweg,1,,811
3896LT,Dasselaarweg,1,,812
3896LT,Dasselaarweg,1,,812
3896LT,Dasselaarweg,1,,813
3896LT,Dasselaarweg,1,,813
3896LT,Dasselaarweg,1,,813A
3896LT,Dasselaarweg,1,,813A
3896LT,Dasselaarweg,1,,813B
3896LT,Dasselaarweg,1,,813B
3896LT,Dasselaarweg,1,,814
3896LT,Dasselaarweg,1,,814
3896LT,Dasselaarweg,1,,815
3896LT,Dasselaarweg,1,,815
3896LT,Dasselaarweg,1,,816
3896LT,Dasselaarweg,1,,816
3896LT,Dasselaarweg,1,,817
3896LT,Dasselaarweg,1,,817
3896LT,Dasselaarweg,1,,818
3896LT,Dasselaarweg,1,,818
3896LT,Dasselaarweg,1,,820
3896LT,Dasselaarweg,1,,820
3896LT,Dasselaarweg,1,,821
3896LT,Dasselaarweg,1,,821
3896LT,Dasselaarweg,1,,822
3896LT,Dasselaarweg,1,,822
3896LT,Dasselaarweg,1,,823
3896LT,Dasselaarweg,1,,823
3896LT,Dasselaarweg,1,,824
3896LT,Dasselaarweg,1,,824
3896LT,Dasselaarweg,1,,825
3896LT,Dasselaarweg,1,,825
3896LT,Dasselaarweg,1,,826
3896LT,Dasselaarweg,1,,826
3896LT,Dasselaarweg,1,,940
3896LT,Dasselaarweg,1,,940
3896LT,Dasselaarweg,1,,939
3896LT,Dasselaarweg,1,,939
3896LT,Dasselaarweg,1,,938
3896LT,Dasselaarweg,1,,938
3896LT,Dasselaarweg,1,,937
3896LT,Dasselaarweg,1,,937
3896LT,Dasselaarweg,1,,936
3896LT,Dasselaarweg,1,,936
3896LT,Dasselaarweg,1,,935
3896LT,Dasselaarweg,1,,935
3896LT,Dasselaarweg,1,,934
3896LT,Dasselaarweg,1,,934
3896LT,Dasselaarweg,1,,933
3896LT,Dasselaarweg,1,,933
3896LT,Dasselaarweg,1,,932
3896LT,Dasselaarweg,1,,932
3896LT,Dasselaarweg,1,,931
3896LT,Dasselaarweg,1,,931
3896LT,Dasselaarweg,1,,930
3896LT,Dasselaarweg,1,,930
3896LT,Dasselaarweg,1,,929
3896LT,Dasselaarweg,1,,929
3896LT,Dasselaarweg,1,,819
3896LT,Dasselaarweg,1,,819
3896LT,Dasselaarweg,1,,827
3896LT,Dasselaarweg,1,,827
3896LT,Dasselaarweg,1,,828
3896LT,Dasselaarweg,1,,828
3896LT,Dasselaarweg,1,,830
3896LT,Dasselaarweg,1,,830
3896LT,Dasselaarweg,1,,831
3896LT,Dasselaarweg,1,,831
3896LT,Dasselaarweg,1,,832
3896LT,Dasselaarweg,1,,832
3896LT,Dasselaarweg,1,,833
3896LT,Dasselaarweg,1,,833
3896LT,Dasselaarweg,1,,835
3896LT,Dasselaarweg,1,,835
3896LT,Dasselaarweg,1,,836
3896LT,Dasselaarweg,1,,836
3896LT,Dasselaarweg,1,,837
3896LT,Dasselaarweg,1,,837
3896LT,Dasselaarweg,1,,839
3896LT,Dasselaarweg,1,,839
3896LT,Dasselaarweg,1,,841
3896LT,Dasselaarweg,1,,841
3896LT,Dasselaarweg,1,,842
3896LT,Dasselaarweg,1,,842
3896LT,Dasselaarweg,1,,843
3896LT,Dasselaarweg,1,,843
3896LT,Dasselaarweg,1,,845
3896LT,Dasselaarweg,1,,845
3896LT,Dasselaarweg,1,,928
3896LT,Dasselaarweg,1,,928
3896LT,Dasselaarweg,1,,927
3896LT,Dasselaarweg,1,,927
3896LT,Dasselaarweg,1,,926
3896LT,Dasselaarweg,1,,926
3896LT,Dasselaarweg,1,,925
3896LT,Dasselaarweg,1,,925
3896LT,Dasselaarweg,1,,924
3896LT,Dasselaarweg,1,,924
3896LT,Dasselaarweg,1,,923
3896LT,Dasselaarweg,1,,923
3896LT,Dasselaarweg,1,,922
3896LT,Dasselaarweg,1,,922
3896LT,Dasselaarweg,1,,921
3896LT,Dasselaarweg,1,,921
3896LT,Dasselaarweg,1,,920
3896LT,Dasselaarweg,1,,920
3896LT,Dasselaarweg,1,,919
3896LT,Dasselaarweg,1,,919
3896LT,Dasselaarweg,1,,918
3896LT,Dasselaarweg,1,,918
3896LT,Dasselaarweg,1,,917
3896LT,Dasselaarweg,1,,917
3896LT,Dasselaarweg,1,,916
3896LT,Dasselaarweg,1,,916
3896LT,Dasselaarweg,1,,915
3896LT,Dasselaarweg,1,,915
3896LT,Dasselaarweg,1,,914
3896LT,Dasselaarweg,1,,914
3896LT,Dasselaarweg,1,,913
3896LT,Dasselaarweg,1,,913
3896LT,Dasselaarweg,1,,912
3896LT,Dasselaarweg,1,,912
3896LT,Dasselaarweg,1,,911
3896LT,Dasselaarweg,1,,911
3896LT,Dasselaarweg,1,,846
3896LT,Dasselaarweg,1,,846
3896LT,Dasselaarweg,1,,847
3896LT,Dasselaarweg,1,,847
3896LT,Dasselaarweg,1,,848
3896LT,Dasselaarweg,1,,848
3896LT,Dasselaarweg,1,,849
3896LT,Dasselaarweg,1,,849
3896LT,Dasselaarweg,1,,850
3896LT,Dasselaarweg,1,,850
3896LT,Dasselaarweg,1,,851
3896LT,Dasselaarweg,1,,851
3896LT,Dasselaarweg,1,,852
3896LT,Dasselaarweg,1,,852
3896LT,Dasselaarweg,1,,853
3896LT,Dasselaarweg,1,,853
3896LT,Dasselaarweg,1,,854
3896LT,Dasselaarweg,1,,854
3896LT,Dasselaarweg,1,,855
3896LT,Dasselaarweg,1,,855
3896LT,Dasselaarweg,1,,856
3896LT,Dasselaarweg,1,,856
3896LT,Dasselaarweg,1,,857
3896LT,Dasselaarweg,1,,857
3896LT,Dasselaarweg,1,,858
3896LT,Dasselaarweg,1,,858
3896LT,Dasselaarweg,1,,859
3896LT,Dasselaarweg,1,,859
3896LT,Dasselaarweg,1,,860
3896LT,Dasselaarweg,1,,860
3896LT,Dasselaarweg,1,,861
3896LT,Dasselaarweg,1,,861
3896LT,Dasselaarweg,1,,862
3896LT,Dasselaarweg,1,,862
3896LT,Dasselaarweg,1,,909
3896LT,Dasselaarweg,1,,909
3896LT,Dasselaarweg,1,,908
3896LT,Dasselaarweg,1,,908
3896LT,Dasselaarweg,1,,906
3896LT,Dasselaarweg,1,,906
3896LT,Dasselaarweg,1,,905
3896LT,Dasselaarweg,1,,905
3896LT,Dasselaarweg,1,,904
3896LT,Dasselaarweg,1,,904
3896LT,Dasselaarweg,1,,903
3896LT,Dasselaarweg,1,,903
3896LT,Dasselaarweg,1,,902
3896LT,Dasselaarweg,1,,902
3896LT,Dasselaarweg,1,,901
3896LT,Dasselaarweg,1,,901
3896LT,Dasselaarweg,1,,900
3896LT,Dasselaarweg,1,,900
3896LT,Dasselaarweg,1,,899
3896LT,Dasselaarweg,1,,899
3896LT,Dasselaarweg,1,,898
3896LT,Dasselaarweg,1,,898
3896LT,Dasselaarweg,1,,897
3896LT,Dasselaarweg,1,,897
3896LT,Dasselaarweg,1,,896
3896LT,Dasselaarweg,1,,896
3896LT,Dasselaarweg,1,,895
3896LT,Dasselaarweg,1,,895
3896LT,Dasselaarweg,1,,894
3896LT,Dasselaarweg,1,,894
3896LT,Dasselaarweg,1,,892
3896LT,Dasselaarweg,1,,892
3896LT,Dasselaarweg,1,,891
3896LT,Dasselaarweg,1,,891
3896LT,Dasselaarweg,1,,890
3896LT,Dasselaarweg,1,,890
3896LT,Dasselaarweg,1,,863
3896LT,Dasselaarweg,1,,863
3896LT,Dasselaarweg,1,,864
3896LT,Dasselaarweg,1,,864
3896LT,Dasselaarweg,1,,865
3896LT,Dasselaarweg,1,,865
3896LT,Dasselaarweg,1,,866
3896LT,Dasselaarweg,1,,866
3896LT,Dasselaarweg,1,,867
3896LT,Dasselaarweg,1,,867
3896LT,Dasselaarweg,1,,889
3896LT,Dasselaarweg,1,,889
3896LT,Dasselaarweg,1,,888
3896LT,Dasselaarweg,1,,888
3896LT,Dasselaarweg,1,,886
3896LT,Dasselaarweg,1,,886
3896LT,Dasselaarweg,1,,885
3896LT,Dasselaarweg,1,,885
3896LT,Dasselaarweg,1,,883
3896LT,Dasselaarweg,1,,883
3896LT,Dasselaarweg,1,,882
3896LT,Dasselaarweg,1,,882
3896LT,Dasselaarweg,1,,881
3896LT,Dasselaarweg,1,,881
3896LT,Dasselaarweg,1,,880
3896LT,Dasselaarweg,1,,880
3896LT,Dasselaarweg,1,,868
3896LT,Dasselaarweg,1,,868
3896LT,Dasselaarweg,1,,869
3896LT,Dasselaarweg,1,,869
3896LT,Dasselaarweg,1,,870
3896LT,Dasselaarweg,1,,870
3896LT,Dasselaarweg,1,,871
3896LT,Dasselaarweg,1,,871
3896LT,Dasselaarweg,1,,873
3896LT,Dasselaarweg,1,,873
3896LT,Dasselaarweg,1,,874
3896LT,Dasselaarweg,1,,874
3896LT,Dasselaarweg,1,,875
3896LT,Dasselaarweg,1,,875
3896LT,Dasselaarweg,1,,876
3896LT,Dasselaarweg,1,,876
3896LT,Dasselaarweg,1,,877
3896LT,Dasselaarweg,1,,877
3896LT,Dasselaarweg,1,,878
3896LT,Dasselaarweg,1,,878
3896LT,Dasselaarweg,1,,879
3896LT,Dasselaarweg,1,,879
3896LB,Erkemederweg,79,D,
3896LB,Erkemederweg,83,,
3896LB,Erkemederweg,79,,501
3896LB,Erkemederweg,79,,501
3896LB,Erkemederweg,79,,502
3896LB,Erkemederweg,79,,502
3896LB,Erkemederweg,79,,503
3896LB,Erkemederweg,79,,503
3896LB,Erkemederweg,79,,504
3896LB,Erkemederweg,79,,504
3896LB,Erkemederweg,79,,505
3896LB,Erkemederweg,79,,505
3896LB,Erkemederweg,79,,506
3896LB,Erkemederweg,79,,506
3896LB,Erkemederweg,79,,507
3896LB,Erkemederweg,79,,507
3896LB,Erkemederweg,79,,560
3896LB,Erkemederweg,79,,560
3896LB,Erkemederweg,79,,561
3896LB,Erkemederweg,79,,561
3896LB,Erkemederweg,79,,562
3896LB,Erkemederweg,79,,562
3896LB,Erkemederweg,79,,563
3896LB,Erkemederweg,79,,563
3896LB,Erkemederweg,79,,564
3896LB,Erkemederweg,79,,564
3896LB,Erkemederweg,79,,565
3896LB,Erkemederweg,79,,565
3896LB,Erkemederweg,79,,566
3896LB,Erkemederweg,79,,566
3896LB,Erkemederweg,79,,567
3896LB,Erkemederweg,79,,567
3896LB,Erkemederweg,79,,569
3896LB,Erkemederweg,79,,569
3896LB,Erkemederweg,79,,570
3896LB,Erkemederweg,79,,570
3896LB,Erkemederweg,79,,568
3896LB,Erkemederweg,79,,568
3896LB,Erkemederweg,79,,571
3896LB,Erkemederweg,79,,571
3896LB,Erkemederweg,79,,572
3896LB,Erkemederweg,79,,572
3896LB,Erkemederweg,79,,573
3896LB,Erkemederweg,79,,573
3896LB,Erkemederweg,79,,574
3896LB,Erkemederweg,79,,574
3896LB,Erkemederweg,79,,597
3896LB,Erkemederweg,79,,597
3896LB,Erkemederweg,79,,598
3896LB,Erkemederweg,79,,598
3896LB,Erkemederweg,79,,599
3896LB,Erkemederweg,79,,599
3896LB,Erkemederweg,79,,607
3896LB,Erkemederweg,79,,607
3896LB,Erkemederweg,79,,608
3896LB,Erkemederweg,79,,608
3896LB,Erkemederweg,79,,609
3896LB,Erkemederweg,79,,609
3896LB,Erkemederweg,79,,601
3896LB,Erkemederweg,79,,601
3896LB,Erkemederweg,79,,602
3896LB,Erkemederweg,79,,602
3896LB,Erkemederweg,79,,606
3896LB,Erkemederweg,79,,606
3896LB,Erkemederweg,79,,605
3896LB,Erkemederweg,79,,605
3896LB,Erkemederweg,79,,610
3896LB,Erkemederweg,79,,610
3896LB,Erkemederweg,79,,603
3896LB,Erkemederweg,79,,603
3896LB,Erkemederweg,79,,604
3896LB,Erkemederweg,79,,604
3896LB,Erkemederweg,79,,611
3896LB,Erkemederweg,79,,611
3896LB,Erkemederweg,79,,612
3896LB,Erkemederweg,79,,612
3896LB,Erkemederweg,79,,618
3896LB,Erkemederweg,79,,618
3896LB,Erkemederweg,79,,613
3896LB,Erkemederweg,79,,613
3896LB,Erkemederweg,79,,617
3896LB,Erkemederweg,79,,617
3896LB,Erkemederweg,79,,614
3896LB,Erkemederweg,79,,614
3896LB,Erkemederweg,79,,600
3896LB,Erkemederweg,79,,600
3896LB,Erkemederweg,79,,616
3896LB,Erkemederweg,79,,616
3896LB,Erkemederweg,79,,615
3896LB,Erkemederweg,79,,615
3896LB,Erkemederweg,79,,627
3896LB,Erkemederweg,79,,627
3896LB,Erkemederweg,79,,628
3896LB,Erkemederweg,79,,628
3896LB,Erkemederweg,79,,626
3896LB,Erkemederweg,79,,626
3896LB,Erkemederweg,79,,620
3896LB,Erkemederweg,79,,620
3896LB,Erkemederweg,79,,625
3896LB,Erkemederweg,79,,625
3896LB,Erkemederweg,79,,621
3896LB,Erkemederweg,79,,621
3896LB,Erkemederweg,79,,624
3896LB,Erkemederweg,79,,624
3896LB,Erkemederweg,79,,623
3896LB,Erkemederweg,79,,623
3896LB,Erkemederweg,79,,622
3896LB,Erkemederweg,79,,622
3896LB,Erkemederweg,79,,669
3896LB,Erkemederweg,79,,669
3896LB,Erkemederweg,79,,670
3896LB,Erkemederweg,79,,670
3896LB,Erkemederweg,79,,671
3896LB,Erkemederweg,79,,671
3896LB,Erkemederweg,79,,672
3896LB,Erkemederweg,79,,672
3896LB,Erkemederweg,79,,673
3896LB,Erkemederweg,79,,673
3896LB,Erkemederweg,79,,674
3896LB,Erkemederweg,79,,674
3896LB,Erkemederweg,79,,675
3896LB,Erkemederweg,79,,675
3896LB,Erkemederweg,79,,676
3896LB,Erkemederweg,79,,676
3896LB,Erkemederweg,79,,677
3896LB,Erkemederweg,79,,677
3896LB,Erkemederweg,79,,678
3896LB,Erkemederweg,79,,678
3896LB,Erkemederweg,79,,679
3896LB,Erkemederweg,79,,679
3896LB,Erkemederweg,79,,680
3896LB,Erkemederweg,79,,680
3896LB,Erkemederweg,79,,681
3896LB,Erkemederweg,79,,681
3896LB,Erkemederweg,79,,682
3896LB,Erkemederweg,79,,682
3896LB,Erkemederweg,79,,683
3896LB,Erkemederweg,79,,683
3896LB,Erkemederweg,79,,684
3896LB,Erkemederweg,79,,684
3896LB,Erkemederweg,79,,649
3896LB,Erkemederweg,79,,649
3896LB,Erkemederweg,79,,619
3896LB,Erkemederweg,79,,619
3896LB,Erkemederweg,79,,650
3896LB,Erkemederweg,79,,650
3896LB,Erkemederweg,79,,651
3896LB,Erkemederweg,79,,651
3896LB,Erkemederweg,79,,652
3896LB,Erkemederweg,79,,652
3896LB,Erkemederweg,79,,653
3896LB,Erkemederweg,79,,653
3896LB,Erkemederweg,79,,654
3896LB,Erkemederweg,79,,654
3896LB,Erkemederweg,79,,636
3896LB,Erkemederweg,79,,636
3896LB,Erkemederweg,79,,639
3896LB,Erkemederweg,79,,639
3896LB,Erkemederweg,79,,638
3896LB,Erkemederweg,79,,638
3896LB,Erkemederweg,79,,637
3896LB,Erkemederweg,79,,637
3896LB,Erkemederweg,79,,640
3896LB,Erkemederweg,79,,640
3896LB,Erkemederweg,79,,641
3896LB,Erkemederweg,79,,641
3896LB,Erkemederweg,79,,642
3896LB,Erkemederweg,79,,642
3896LB,Erkemederweg,79,,643
3896LB,Erkemederweg,79,,643
3896LB,Erkemederweg,79,,644
3896LB,Erkemederweg,79,,644
3896LB,Erkemederweg,79,,645
3896LB,Erkemederweg,79,,645
3896LB,Erkemederweg,79,,646
3896LB,Erkemederweg,79,,646
3896LB,Erkemederweg,79,,647
3896LB,Erkemederweg,79,,647
3896LB,Erkemederweg,79,,648
3896LB,Erkemederweg,79,,648
3896LB,Erkemederweg,79,,522
3896LB,Erkemederweg,79,,522
3896LB,Erkemederweg,79,,521
3896LB,Erkemederweg,79,,521
3896LB,Erkemederweg,79,,520
3896LB,Erkemederweg,79,,520
3896LB,Erkemederweg,79,,519
3896LB,Erkemederweg,79,,519
3896LB,Erkemederweg,79,,518
3896LB,Erkemederweg,79,,518
3896LB,Erkemederweg,79,,517
3896LB,Erkemederweg,79,,517
3896LB,Erkemederweg,79,,516
3896LB,Erkemederweg,79,,516
3896LB,Erkemederweg,79,,515
3896LB,Erkemederweg,79,,515
3896LB,Erkemederweg,79,,514
3896LB,Erkemederweg,79,,514
3896LB,Erkemederweg,79,,513
3896LB,Erkemederweg,79,,513
3896LB,Erkemederweg,79,,512
3896LB,Erkemederweg,79,,512
3896LB,Erkemederweg,79,,511
3896LB,Erkemederweg,79,,511
3896LB,Erkemederweg,79,,510
3896LB,Erkemederweg,79,,510
3896LB,Erkemederweg,79,,509
3896LB,Erkemederweg,79,,509
3896LB,Erkemederweg,79,,508
3896LB,Erkemederweg,79,,508
3896LB,Erkemederweg,79,,525
3896LB,Erkemederweg,79,,525
3896LB,Erkemederweg,79,,524
3896LB,Erkemederweg,79,,524
3896LB,Erkemederweg,79,,523
3896LB,Erkemederweg,79,,523
3896LB,Erkemederweg,79,,629
3896LB,Erkemederweg,79,,629
3896LB,Erkemederweg,79,,630
3896LB,Erkemederweg,79,,630
3896LB,Erkemederweg,79,,631
3896LB,Erkemederweg,79,,631
3896LB,Erkemederweg,79,,632
3896LB,Erkemederweg,79,,632
3896LB,Erkemederweg,79,,635
3896LB,Erkemederweg,79,,635
3896LB,Erkemederweg,79,,634
3896LB,Erkemederweg,79,,634
3896LB,Erkemederweg,79,,633
3896LB,Erkemederweg,79,,633
3896LB,Erkemederweg,79,,585
3896LB,Erkemederweg,79,,585
3896LB,Erkemederweg,79,,586
3896LB,Erkemederweg,79,,586
3896LB,Erkemederweg,79,,587
3896LB,Erkemederweg,79,,587
3896LB,Erkemederweg,79,,588
3896LB,Erkemederweg,79,,588
3896LB,Erkemederweg,79,,526
3896LB,Erkemederweg,79,,526
3896LB,Erkemederweg,79,,528
3896LB,Erkemederweg,79,,528
3896LB,Erkemederweg,79,,529
3896LB,Erkemederweg,79,,529
3896LB,Erkemederweg,79,,534
3896LB,Erkemederweg,79,,534
3896LB,Erkemederweg,79,,532
3896LB,Erkemederweg,79,,532
3896LB,Erkemederweg,79,,531
3896LB,Erkemederweg,79,,531
3896LB,Erkemederweg,79,,530
3896LB,Erkemederweg,79,,530
3896LB,Erkemederweg,79,,539
3896LB,Erkemederweg,79,,539
3896LB,Erkemederweg,79,,538
3896LB,Erkemederweg,79,,538
3896LB,Erkemederweg,79,,537
3896LB,Erkemederweg,79,,537
3896LB,Erkemederweg,79,,527
3896LB,Erkemederweg,79,,527
3896LB,Erkemederweg,79,,533
3896LB,Erkemederweg,79,,533
3896LB,Erkemederweg,79,,536
3896LB,Erkemederweg,79,,536
3896LB,Erkemederweg,79,,535
3896LB,Erkemederweg,79,,535
3896LB,Erkemederweg,79,,558
3896LB,Erkemederweg,79,,558
3896LB,Erkemederweg,79,,557
3896LB,Erkemederweg,79,,557
3896LB,Erkemederweg,79,,556
3896LB,Erkemederweg,79,,556
3896LB,Erkemederweg,79,,555
3896LB,Erkemederweg,79,,555
3896LB,Erkemederweg,79,,554
3896LB,Erkemederweg,79,,554
3896LB,Erkemederweg,79,,540
3896LB,Erkemederweg,79,,540
3896LB,Erkemederweg,79,,553
3896LB,Erkemederweg,79,,553
3896LB,Erkemederweg,79,,541
3896LB,Erkemederweg,79,,541
3896LB,Erkemederweg,79,,552
3896LB,Erkemederweg,79,,552
3896LB,Erkemederweg,79,,542
3896LB,Erkemederweg,79,,542
3896LB,Erkemederweg,79,,551
3896LB,Erkemederweg,79,,551
3896LB,Erkemederweg,79,,543
3896LB,Erkemederweg,79,,543
3896LB,Erkemederweg,79,,550
3896LB,Erkemederweg,79,,550
3896LB,Erkemederweg,79,,544
3896LB,Erkemederweg,79,,544
3896LB,Erkemederweg,79,,549
3896LB,Erkemederweg,79,,549
3896LB,Erkemederweg,79,,545
3896LB,Erkemederweg,79,,545
3896LB,Erkemederweg,79,,548
3896LB,Erkemederweg,79,,548
3896LB,Erkemederweg,79,,546
3896LB,Erkemederweg,79,,546
3896LB,Erkemederweg,79,,547
3896LB,Erkemederweg,79,,547
3896LB,Erkemederweg,79,A,547
3896LB,Erkemederweg,79,A,547
3896LB,Erkemederweg,79,,594
3896LB,Erkemederweg,79,,594
3896LB,Erkemederweg,79,,595
3896LB,Erkemederweg,79,,595
3896LB,Erkemederweg,79,,596
3896LB,Erkemederweg,79,,596
3896LB,Erkemederweg,79,,590
3896LB,Erkemederweg,79,,590
3896LB,Erkemederweg,79,,591
3896LB,Erkemederweg,79,,591
3896LB,Erkemederweg,79,,592
3896LB,Erkemederweg,79,,592
3896LB,Erkemederweg,79,,593
3896LB,Erkemederweg,79,,593
3896LB,Erkemederweg,79,,575
3896LB,Erkemederweg,79,,575
3896LB,Erkemederweg,79,,576
3896LB,Erkemederweg,79,,576
3896LB,Erkemederweg,79,,577
3896LB,Erkemederweg,79,,577
3896LB,Erkemederweg,79,,579
3896LB,Erkemederweg,79,,579
3896LB,Erkemederweg,79,,580
3896LB,Erkemederweg,79,,580
3896LB,Erkemederweg,79,,581
3896LB,Erkemederweg,79,,581
3896LB,Erkemederweg,79,,582
3896LB,Erkemederweg,79,,582
3896LB,Erkemederweg,79,,583
3896LB,Erkemederweg,79,,583
3896LB,Erkemederweg,79,,584
3896LB,Erkemederweg,79,,584
3896LB,Erkemederweg,79,,685
3896LB,Erkemederweg,79,,685
3896LB,Erkemederweg,79,,686
3896LB,Erkemederweg,79,,686
3896LB,Erkemederweg,79,,687
3896LB,Erkemederweg,79,,687
3896LB,Erkemederweg,79,,688
3896LB,Erkemederweg,79,,688
3896LB,Erkemederweg,79,,559
3896LB,Erkemederweg,79,,559
3896LB,Erkemederweg,79,,578
3896LB,Erkemederweg,79,,578
3896LB,Erkemederweg,79,,701
3896LB,Erkemederweg,79,,701
3896LB,Erkemederweg,79,,702
3896LB,Erkemederweg,79,,702
3896LB,Erkemederweg,79,,703
3896LB,Erkemederweg,79,,703
3896LB,Erkemederweg,79,,704
3896LB,Erkemederweg,79,,704
3896LB,Erkemederweg,79,,705
3896LB,Erkemederweg,79,,705
3896LB,Erkemederweg,79,,706
3896LB,Erkemederweg,79,,706
3896LB,Erkemederweg,79,,707
3896LB,Erkemederweg,79,,707
3896LB,Erkemederweg,79,,708
3896LB,Erkemederweg,79,,708
3896LB,Erkemederweg,79,,709
3896LB,Erkemederweg,79,,709
3896LB,Erkemederweg,79,,710
3896LB,Erkemederweg,79,,710
3896LB,Erkemederweg,79,,711
3896LB,Erkemederweg,79,,711
3896LB,Erkemederweg,79,,712
3896LB,Erkemederweg,79,,712
3896LB,Erkemederweg,79,,713
3896LB,Erkemederweg,79,,713
3896LB,Erkemederweg,79,,714
3896LB,Erkemederweg,79,,714
3896LB,Erkemederweg,79,,715
3896LB,Erkemederweg,79,,715
3896LB,Erkemederweg,79,,716
3896LB,Erkemederweg,79,,716
3896LB,Erkemederweg,79,,717
3896LB,Erkemederweg,79,,717
3896LB,Erkemederweg,79,,718
3896LB,Erkemederweg,79,,718
3896LB,Erkemederweg,79,,719
3896LB,Erkemederweg,79,,719
3896LB,Erkemederweg,79,,720
3896LB,Erkemederweg,79,,720
3896LB,Erkemederweg,79,,30
3896LB,Erkemederweg,79,,30
3896LB,Erkemederweg,79,,29
3896LB,Erkemederweg,79,,29
3896LB,Erkemederweg,79,,32
3896LB,Erkemederweg,79,,32
3896LB,Erkemederweg,79,,45
3896LB,Erkemederweg,79,,45
3896LB,Erkemederweg,79,,46
3896LB,Erkemederweg,79,,46
3896LB,Erkemederweg,79,,47
3896LB,Erkemederweg,79,,47
3896LB,Erkemederweg,79,,58
3896LB,Erkemederweg,79,,58
3896LB,Erkemederweg,79,,59
3896LB,Erkemederweg,79,,59
3896LB,Erkemederweg,79,,60
3896LB,Erkemederweg,79,,60
3896LB,Erkemederweg,79,,61
3896LB,Erkemederweg,79,,61
3896LB,Erkemederweg,79,,64
3896LB,Erkemederweg,79,,64
3896LB,Erkemederweg,79,,65
3896LB,Erkemederweg,79,,65
3896LB,Erkemederweg,79,,67
3896LB,Erkemederweg,79,,67
3896LB,Erkemederweg,79,,70
3896LB,Erkemederweg,79,,70
3896LB,Erkemederweg,79,,71
3896LB,Erkemederweg,79,,71
3896LB,Erkemederweg,79,,73
3896LB,Erkemederweg,79,,73
3896LB,Erkemederweg,79,,132
3896LB,Erkemederweg,79,,132
3896LB,Erkemederweg,79,,103
3896LB,Erkemederweg,79,,103
3896LB,Erkemederweg,79,,101
3896LB,Erkemederweg,79,,101
3896LB,Erkemederweg,79,,138
3896LB,Erkemederweg,79,,138
3896LB,Erkemederweg,79,,140
3896LB,Erkemederweg,79,,140
3896LB,Erkemederweg,79,,141
3896LB,Erkemederweg,79,,141
3896LB,Erkemederweg,79,,142
3896LB,Erkemederweg,79,,142
3896LB,Erkemederweg,79,,143
3896LB,Erkemederweg,79,,143
3896LB,Erkemederweg,79,,151
3896LB,Erkemederweg,79,,151
3896LB,Erkemederweg,79,,420
3896LB,Erkemederweg,79,,420
3896LB,Erkemederweg,79,,421
3896LB,Erkemederweg,79,,421
3896LB,Erkemederweg,79,,422
3896LB,Erkemederweg,79,,422
3896LB,Erkemederweg,79,,423
3896LB,Erkemederweg,79,,423
3896LB,Erkemederweg,79,,424
3896LB,Erkemederweg,79,,424
3896LB,Erkemederweg,79,,426
3896LB,Erkemederweg,79,,426
3896LB,Erkemederweg,79,,157
3896LB,Erkemederweg,79,,157
3896LB,Erkemederweg,79,,159
3896LB,Erkemederweg,79,,159
3896LB,Erkemederweg,79,,689
3896LB,Erkemederweg,79,,689
3896LB,Erkemederweg,79,,166
3896LB,Erkemederweg,79,,166
3896LB,Erkemederweg,79,,167
3896LB,Erkemederweg,79,,167
3896LB,Erkemederweg,79,,165
3896LB,Erkemederweg,79,,165
3896LB,Erkemederweg,79,,168
3896LB,Erkemederweg,79,,168
3896LB,Erkemederweg,79,,164
3896LB,Erkemederweg,79,,164
3896LB,Erkemederweg,79,,169
3896LB,Erkemederweg,79,,169
3896LB,Erkemederweg,79,,163
3896LB,Erkemederweg,79,,163
3896LB,Erkemederweg,79,,170
3896LB,Erkemederweg,79,,170
3896LB,Erkemederweg,79,,162
3896LB,Erkemederweg,79,,162
3896LB,Erkemederweg,79,,161
3896LB,Erkemederweg,79,,161
3896LB,Erkemederweg,79,,174
3896LB,Erkemederweg,79,,174
3896LB,Erkemederweg,79,,425
3896LB,Erkemederweg,79,,425
3896LB,Erkemederweg,79,,156
3896LB,Erkemederweg,79,,156
3896LB,Erkemederweg,79,,175
3896LB,Erkemederweg,79,,175
3896LB,Erkemederweg,79,,176
3896LB,Erkemederweg,79,,176
3896LB,Erkemederweg,79,,177
3896LB,Erkemederweg,79,,177
3896LB,Erkemederweg,79,,178
3896LB,Erkemederweg,79,,178
3896LB,Erkemederweg,79,,300
3896LB,Erkemederweg,79,,300
3896LB,Erkemederweg,79,,301
3896LB,Erkemederweg,79,,301
3896LB,Erkemederweg,79,,302
3896LB,Erkemederweg,79,,302
3896LB,Erkemederweg,79,,303
3896LB,Erkemederweg,79,,303
3896LB,Erkemederweg,79,,304
3896LB,Erkemederweg,79,,304
3896LB,Erkemederweg,79,,305
3896LB,Erkemederweg,79,,305
3896LB,Erkemederweg,79,,306
3896LB,Erkemederweg,79,,306
3896LB,Erkemederweg,79,,307
3896LB,Erkemederweg,79,,307
3896LB,Erkemederweg,79,,308
3896LB,Erkemederweg,79,,308
3896LB,Erkemederweg,79,,309
3896LB,Erkemederweg,79,,309
3896LB,Erkemederweg,79,,310
3896LB,Erkemederweg,79,,310
3896LB,Erkemederweg,79,,311
3896LB,Erkemederweg,79,,311
3896LB,Erkemederweg,79,,312
3896LB,Erkemederweg,79,,312
3896LB,Erkemederweg,79,,313
3896LB,Erkemederweg,79,,313
3896LB,Erkemederweg,79,,314
3896LB,Erkemederweg,79,,314
3896LB,Erkemederweg,79,,315
3896LB,Erkemederweg,79,,315
3896LG,Gooimeerdijk,1,,
3896LG,Gooimeerdijk-Oost,1,,
3896LG,Gooimeerdijk,16,,
3896LG,Gooimeerdijk-Oost,16,,
3896LS,Groenewoudseweg,98,,
3896LS,Groenewoudseweg,7,,
3896LS,Groenewoudseweg,90,,
3896LS,Groenewoudseweg,70,,
3896LS,Groenewoudseweg,70,,
3896LS,Groenewoudseweg,92,,
3896LS,Groenewoudseweg,7,A,
3896LS,Groenewoudseweg,17,,1
3896LS,Groenewoudseweg,71,,1
3896LS,Groenewoudseweg,71,,4
3896LS,Groenewoudseweg,71,,4
3896LS,Groenewoudseweg,71,,6
3896LS,Groenewoudseweg,71,,6
3896LS,Groenewoudseweg,71,,7
3896LS,Groenewoudseweg,71,,7
3896LS,Groenewoudseweg,71,,9
3896LS,Groenewoudseweg,71,,9
3896LS,Groenewoudseweg,71,,10
3896LS,Groenewoudseweg,71,,10
3896LS,Groenewoudseweg,71,,11
3896LS,Groenewoudseweg,71,,11
3896LS,Groenewoudseweg,71,,12
3896LS,Groenewoudseweg,71,,12
3896LS,Groenewoudseweg,71,,18
3896LS,Groenewoudseweg,71,,18
3896LS,Groenewoudseweg,71,,19
3896LS,Groenewoudseweg,71,,19
3896LS,Groenewoudseweg,71,,21
3896LS,Groenewoudseweg,71,,21
3896LS,Groenewoudseweg,71,,34
3896LS,Groenewoudseweg,71,,34
3896LS,Groenewoudseweg,71,,35
3896LS,Groenewoudseweg,71,,35
3896LS,Groenewoudseweg,71,,41
3896LS,Groenewoudseweg,71,,41
3896LS,Groenewoudseweg,71,,42
3896LS,Groenewoudseweg,71,,42
3896LS,Groenewoudseweg,71,,45
3896LS,Groenewoudseweg,71,,45
3896LS,Groenewoudseweg,71,,47
3896LS,Groenewoudseweg,71,,47
3896LS,Groenewoudseweg,71,,49
3896LS,Groenewoudseweg,71,,49
3896LS,Groenewoudseweg,71,,50
3896LS,Groenewoudseweg,71,,50
3896LS,Groenewoudseweg,71,,2
3896LS,Groenewoudseweg,71,,2
3896LS,Groenewoudseweg,71,,2
3896LS,Groenewoudseweg,71,,3
3896LS,Groenewoudseweg,71,,3
3896LS,Groenewoudseweg,71,,3
3896LS,Groenewoudseweg,71,,5
3896LS,Groenewoudseweg,71,,5
3896LS,Groenewoudseweg,71,,5
3896LS,Groenewoudseweg,71,,13
3896LS,Groenewoudseweg,71,,13
3896LS,Groenewoudseweg,71,,13
3896LS,Groenewoudseweg,71,,14
3896LS,Groenewoudseweg,71,,14
3896LS,Groenewoudseweg,71,,14
3896LS,Groenewoudseweg,71,,14
3896LS,Groenewoudseweg,71,,15
3896LS,Groenewoudseweg,71,,15
3896LS,Groenewoudseweg,71,,15
3896LS,Groenewoudseweg,71,,16
3896LS,Groenewoudseweg,71,,16
3896LS,Groenewoudseweg,71,,16
3896LS,Groenewoudseweg,71,,17
3896LS,Groenewoudseweg,71,,17
3896LS,Groenewoudseweg,71,,17
3896LS,Groenewoudseweg,71,,20
3896LS,Groenewoudseweg,71,,27
3896LS,Groenewoudseweg,71,,27
3896LS,Groenewoudseweg,71,,27
3896LS,Groenewoudseweg,71,,33
3896LS,Groenewoudseweg,71,,33
3896LS,Groenewoudseweg,71,,33
3896LS,Groenewoudseweg,71,,38
3896LS,Groenewoudseweg,71,,38
3896LS,Groenewoudseweg,71,,38
3896LS,Groenewoudseweg,71,,36
3896LS,Groenewoudseweg,71,,36
3896LS,Groenewoudseweg,71,,36
3896LS,Groenewoudseweg,71,,37
3896LS,Groenewoudseweg,71,,37
3896LS,Groenewoudseweg,71,,37
3896LS,Groenewoudseweg,71,,39
3896LS,Groenewoudseweg,71,,39
3896LS,Groenewoudseweg,71,,39
3896LS,Groenewoudseweg,71,,40
3896LS,Groenewoudseweg,71,,40
3896LS,Groenewoudseweg,71,,40
3896LS,Groenewoudseweg,71,,43
3896LS,Groenewoudseweg,71,,43
3896LS,Groenewoudseweg,71,,43
3896LS,Groenewoudseweg,71,,44
3896LS,Groenewoudseweg,71,,44
3896LS,Groenewoudseweg,71,,44
3896LS,Groenewoudseweg,71,,46
3896LS,Groenewoudseweg,71,,46
3896LS,Groenewoudseweg,71,,46
3896LS,Groenewoudseweg,71,,48
3896LS,Groenewoudseweg,71,,48
3896LS,Groenewoudseweg,71,,48
3896LS,Groenewoudseweg,71,,20
3896LS,Groenewoudseweg,71,,20
3896LS,Groenewoudseweg,71,,20
3896LZ,Nekkeveldweg,13,,
3896LZ,Nekkeveldweg,42,A,
3896LZ,Nekkeveldweg,49,B,
3896MC,Nijkerkerweg,10,,
3896MA,Rassenbeekweg,28,,
3896MA,Rassenbeekweg,28,,
3896LJ,Priempad,9,,
3896LJ,Priempad,2,,
3896LJ,Priempad,8,,
3896LN,Schillinkpad,18,A,
3896LK,Schillinkweg,13,,
3896LC,Slingerpad,3,,
3896LD,Slingerweg,1,,370
3896LD,Slingerweg,3,D,1
3896LD,Slingerweg,3,D,2
3896LD,Slingerweg,3,D,3
3896LD,Slingerweg,3,D,4
3896LD,Slingerweg,3,D,5
3896LD,Slingerweg,3,D,6
3896LD,Slingerweg,3,D,7
3896LD,Slingerweg,3,D,8
3896LD,Slingerweg,3,D,9
3896LD,Slingerweg,3,D,10
3896LD,Slingerweg,3,D,11
3896LD,Slingerweg,3,D,12
3896LD,Slingerweg,3,D,13
3896LD,Slingerweg,5,A,
3896LD,Slingerweg,3,H,1
3896LD,Slingerweg,3,H,2
3896LD,Slingerweg,3,H,3
3896LD,Slingerweg,3,H,4
3896LD,Slingerweg,3,H,5
3896LD,Slingerweg,3,H,6
3896LD,Slingerweg,3,H,7
3896LD,Slingerweg,3,H,8
3896LD,Slingerweg,3,H,9
3896LD,Slingerweg,3,H,10
3896LD,Slingerweg,3,H,11
3896LD,Slingerweg,1,,181
3896LD,Slingerweg,1,,188
3896LD,Slingerweg,1,,203
3896LD,Slingerweg,1,,208
3896LD,Slingerweg,1,,558
3896LD,Slingerweg,1,,431
3896LD,Slingerweg,1,,507
3896LD,Slingerweg,1,,311
3896LD,Slingerweg,1,,353
3896LD,Slingerweg,1,,156
3896LD,Slingerweg,1,,919A
3896LD,Slingerweg,1,,212
3896LD,Slingerweg,1,,213
3896LD,Slingerweg,1,,217
3896LD,Slingerweg,1,,221
3896LD,Slingerweg,1,,225
3896LD,Slingerweg,1,,229
3896LD,Slingerweg,1,,242
3896LD,Slingerweg,1,,246
3896LD,Slingerweg,1,,252
3896LD,Slingerweg,1,,256
3896LD,Slingerweg,1,,260
3896LD,Slingerweg,1,,264
3896LD,Slingerweg,1,,269
3896LD,Slingerweg,1,,271
3896LD,Slingerweg,1,,274
3896LD,Slingerweg,1,,279
3896LD,Slingerweg,1,,282
3896LD,Slingerweg,1,,287
3896LD,Slingerweg,1,,293
3896LD,Slingerweg,1,,298
3896LD,Slingerweg,1,,303
3896LD,Slingerweg,1,,307
3896LD,Slingerweg,1,,312
3896LD,Slingerweg,1,,316
3896LD,Slingerweg,1,,349
3896LD,Slingerweg,1,,354
3896LD,Slingerweg,1,,359
3896LD,Slingerweg,1,,363
3896LD,Slingerweg,1,,368
3896LD,Slingerweg,1,,
3896LD,Slingerweg,1,,105
3896LD,Slingerweg,1,,109
3896LD,Slingerweg,1,,113
3896LD,Slingerweg,1,,116
3896LD,Slingerweg,1,,117
3896LD,Slingerweg,1,,121
3896LD,Slingerweg,1,,152
3896LD,Slingerweg,1,,157
3896LD,Slingerweg,1,,161
3896LD,Slingerweg,1,,166
3896LD,Slingerweg,1,,170
3896LD,Slingerweg,1,,175
3896LD,Slingerweg,1,,834
3896LD,Slingerweg,1,,839
3896LD,Slingerweg,1,,845
3896LD,Slingerweg,1,,849
3896LD,Slingerweg,1,,853
3896LD,Slingerweg,1,,902
3896LD,Slingerweg,1,,950
3896LD,Slingerweg,1,,961
3896LD,Slingerweg,1,,964
3896LD,Slingerweg,1,,534
3896LD,Slingerweg,1,,647
3896LD,Slingerweg,1,,693
3896LD,Slingerweg,1,,711A
3896LD,Slingerweg,1,,759
3896LD,Slingerweg,1,,808
3896LD,Slingerweg,1,,538
3896LD,Slingerweg,1,,542
3896LD,Slingerweg,1,,546
3896LD,Slingerweg,1,,550
3896LD,Slingerweg,1,,554
3896LD,Slingerweg,1,,559
3896LD,Slingerweg,1,,563
3896LD,Slingerweg,1,,567
3896LD,Slingerweg,1,,571
3896LD,Slingerweg,1,,575
3896LD,Slingerweg,1,,602
3896LD,Slingerweg,1,,617
3896LD,Slingerweg,1,,622
3896LD,Slingerweg,1,,372
3896LD,Slingerweg,1,,404
3896LD,Slingerweg,1,,405
3896LD,Slingerweg,1,,409
3896LD,Slingerweg,1,,414
3896LD,Slingerweg,1,,418
3896LD,Slingerweg,1,,422
3896LD,Slingerweg,1,,426
3896LD,Slingerweg,1,,430
3896LD,Slingerweg,1,,435
3896LD,Slingerweg,1,,439
3896LD,Slingerweg,1,,442
3896LD,Slingerweg,1,,446
3896LD,Slingerweg,1,,503
3896LD,Slingerweg,1,,509
3896LD,Slingerweg,1,,513A
3896LD,Slingerweg,1,,518
3896LD,Slingerweg,1,,522
3896LD,Slingerweg,1,,523
3896LD,Slingerweg,1,,639
3896LD,Slingerweg,1,,644
3896LD,Slingerweg,1,,676
3896LD,Slingerweg,1,,680
3896LD,Slingerweg,1,,684
3896LD,Slingerweg,1,,688
3896LD,Slingerweg,1,,692
3896LD,Slingerweg,1,,697
3896LD,Slingerweg,1,,704
3896LD,Slingerweg,1,,708
3896LD,Slingerweg,1,,713
3896LD,Slingerweg,1,,718
3896LD,Slingerweg,1,,722
3896LD,Slingerweg,1,,723
3896LD,Slingerweg,1,,769
3896LD,Slingerweg,1,,773
3896LD,Slingerweg,1,,777
3896LD,Slingerweg,1,,781
3896LD,Slingerweg,1,,802
3896LD,Slingerweg,1,,806
3896LD,Slingerweg,1,,811
3896LD,Slingerweg,1,,816
3896LD,Slingerweg,1,,821
3896LD,Slingerweg,1,,825
3896LD,Slingerweg,1,,266
3896LD,Slingerweg,1,,278
3896LD,Slingerweg,1,,284
3896LD,Slingerweg,7,A,
3896LD,Slingerweg,7,B,
3896LD,Slingerweg,9,,
3896LD,Slingerweg,11,,
3896LD,Slingerweg,7,C,
3896LD,Slingerweg,27,,
3896LD,Slingerweg,15,A,
3896LD,Slingerweg,15,B,
3896LD,Slingerweg,15,C,
3896LD,Slingerweg,15,D,
3896LD,Slingerweg,15,E,
3896LD,Slingerweg,1,,189
3896LD,Slingerweg,3,C,1
3896LD,Slingerweg,3,C,2
3896LD,Slingerweg,3,C,3
3896LD,Slingerweg,3,C,4
3896LD,Slingerweg,3,C,5
3896LD,Slingerweg,3,C,6
3896LD,Slingerweg,3,C,7
3896LD,Slingerweg,3,C,8
3896LD,Slingerweg,3,C,9
3896LD,Slingerweg,3,C,10
3896LD,Slingerweg,3,C,11
3896LD,Slingerweg,3,C,12
3896LD,Slingerweg,3,C,13
3896LD,Slingerweg,3,E,1
3896LD,Slingerweg,3,E,2
3896LD,Slingerweg,3,E,3
3896LD,Slingerweg,3,E,4
3896LD,Slingerweg,3,E,5
3896LD,Slingerweg,3,E,6
3896LD,Slingerweg,3,E,7
3896LD,Slingerweg,3,E,8
3896LD,Slingerweg,3,E,9
3896LD,Slingerweg,3,E,10
3896LD,Slingerweg,3,E,11
3896LD,Slingerweg,3,E,12
3896LD,Slingerweg,3,E,13
3896LD,Slingerweg,15,F,
3896LD,Slingerweg,15,G,
3896LD,Slingerweg,15,H,
3896LD,Slingerweg,15,J,
3896LD,Slingerweg,15,K,
3896LD,Slingerweg,15,L,
3896LD,Slingerweg,15,M,
3896LD,Slingerweg,15,N,
3896LD,Slingerweg,15,P,
3896LD,Slingerweg,15,Q,
3896LH,Winkelweg,17,,
3896LH,Winkelweg,59,,
3896LH,Winkelweg,20,,
3896LH,Winkelweg,21,A,
3896LH,Winkelweg,21,B,
3896LH,Winkelweg,23,,
3896LH,Winkelweg,61,,
3896LH,Winkelweg,61,A,
3896LH,Winkelweg,57,A,
3896LH,Winkelweg,61,B,
3896LX,Erkemederpad,1,,
3896LX,Erkemederpad,5,,
3896LX,Erkemederpad,2,A,
3896LR,Flediteweg,21,,
3896LR,Flediteweg,22,A,
3896LR,Flediteweg,25,A,
3896LR,Flediteweg,25,B,
3896LR,Flediteweg,25,C,
3896LR,Flediteweg,25,D,
3896LR,Flediteweg,25,E,
3896LR,Flediteweg,25,F,
3896LR,Flediteweg,25,G,
3896LR,Flediteweg,25,H,
3896LR,Flediteweg,25,J,
3896LR,Flediteweg,25,K,
3896LR,Flediteweg,25,L,
3896LR,Flediteweg,25,M,
3896LR,Flediteweg,25,N,
3896LR,Flediteweg,25,P,
3896LR,Flediteweg,25,Q,
3896LR,Flediteweg,22,,
3896LR,Flediteweg,22,A,
3896LR,Flediteweg,22,,
3896LV,Nulderpad,5,,
3896LV,Nulderpad,5,A,
3896LV,Nulderpad,7,B,
3896LV,Nulderpad,7,A,
3896LV,Nulderpad,5,,
3896LV,Nulderpad,7,,
3896LV,Nulderpad,5,A,
3896LV,Nulderpad,1,,
3896LA,Wielseweg,3,S,P2
3896LA,Wielseweg,3,V,V49
3896LA,Wielseweg,3,,
3896LA,Wielseweg,3,K,105
3896LA,Wielseweg,3,A,D20
3896LA,Wielseweg,3,M,E5
3896LA,Wielseweg,3,O,O1
3896LA,Wielseweg,3,O,O10
3896LA,Wielseweg,3,O,O11
3896LA,Wielseweg,3,O,O12
3896LA,Wielseweg,3,O,O2
3896LA,Wielseweg,3,O,O4
3896LA,Wielseweg,3,O,O5
3896LA,Wielseweg,3,O,O6
3896LA,Wielseweg,3,O,O8
3896LA,Wielseweg,3,O,O9
3896LA,Wielseweg,3,P,U17
3896LA,Wielseweg,3,P,U18
3896LA,Wielseweg,3,S,W1
3896LA,Wielseweg,3,S,W14
3896LA,Wielseweg,3,S,W2
3896LA,Wielseweg,3,S,W3
3896LA,Wielseweg,3,V,A8
3896LA,Wielseweg,3,V,L1
3896LA,Wielseweg,3,V,L12
3896LA,Wielseweg,3,V,L14
3896LA,Wielseweg,3,V,L2
3896LA,Wielseweg,3,V,O10
3896LA,Wielseweg,3,V,V52
3896LA,Wielseweg,3,A,D1
3896LA,Wielseweg,3,A,D11
3896LA,Wielseweg,3,A,D12
3896LA,Wielseweg,3,A,D13
3896LA,Wielseweg,3,A,D15
3896LA,Wielseweg,3,A,D16
3896LA,Wielseweg,3,A,D17
3896LA,Wielseweg,3,A,D18
3896LA,Wielseweg,3,A,D2
3896LA,Wielseweg,3,A,D23
3896LA,Wielseweg,3,A,D24
3896LA,Wielseweg,3,A,D27
3896LA,Wielseweg,3,A,D30
3896LA,Wielseweg,3,A,D32
3896LA,Wielseweg,3,A,D33
3896LA,Wielseweg,3,A,D4
3896LA,Wielseweg,3,A,D40
3896LA,Wielseweg,3,A,D41
3896LA,Wielseweg,3,A,D43
3896LA,Wielseweg,3,A,D44
3896LA,Wielseweg,3,A,D46
3896LA,Wielseweg,3,A,D51
3896LA,Wielseweg,3,A,D8
3896LA,Wielseweg,3,A,L7
3896LA,Wielseweg,3,B,U11
3896LA,Wielseweg,3,B,U3
3896LA,Wielseweg,3,E,E20
3896LA,Wielseweg,3,G,A4
3896LA,Wielseweg,3,H,A16
3896LA,Wielseweg,3,H,E15
3896LA,Wielseweg,3,K,100
3896LA,Wielseweg,3,K,109
3896LA,Wielseweg,3,K,111
3896LA,Wielseweg,3,K,13
3896LA,Wielseweg,3,K,33
3896LA,Wielseweg,3,K,35
3896LA,Wielseweg,3,K,40
3896LA,Wielseweg,3,K,75
3896LA,Wielseweg,3,K,9
3896LA,Wielseweg,3,K,99
3896LA,Wielseweg,3,K,3
3896LA,Wielseweg,3,K,I10
3896LA,Wielseweg,3,K,I29
3896LA,Wielseweg,3,K,I33
3896LA,Wielseweg,3,K,W7
3896LA,Wielseweg,3,L,E1
3896LA,Wielseweg,3,L,I1
3896LA,Wielseweg,3,V,V48
3896LA,Wielseweg,3,A,R25
3896LA,Wielseweg,3,E,E13
3896LA,Wielseweg,3,E,E22
3896LA,Wielseweg,3,E,E23
3896LA,Wielseweg,3,E,E24
3896LA,Wielseweg,3,E,K2
3896LA,Wielseweg,3,E,K3
3896LA,Wielseweg,3,E,K4
3896LA,Wielseweg,3,E,K5
3896LA,Wielseweg,3,E,K7
3896LA,Wielseweg,3,G,A21
3896LA,Wielseweg,3,G,A22
3896LA,Wielseweg,3,G,R3
3896LA,Wielseweg,3,G,R4
3896LA,Wielseweg,3,H,A12
3896LA,Wielseweg,3,K,110
3896LA,Wielseweg,3,K,I14
3896LA,Wielseweg,3,K,O1
3896LA,Wielseweg,3,K,O4
3896LA,Wielseweg,3,K,O5
3896LA,Wielseweg,3,K,O6
3896LA,Wielseweg,3,M,E10
3896LA,Wielseweg,3,P,U1
3896LA,Wielseweg,3,P,U12
3896LA,Wielseweg,3,P,U13
3896LA,Wielseweg,3,P,U2
3896LA,Wielseweg,3,P,U3
3896LA,Wielseweg,3,P,U8
3896LA,Wielseweg,3,R,G19
3896LA,Wielseweg,3,R,G19
3896LA,Wielseweg,3,R,G8
3896LA,Wielseweg,3,R,G9
3896LA,Wielseweg,3,S,W12
3896LA,Wielseweg,3,S,W7
3896LA,Wielseweg,3,S,W8
3896LA,Wielseweg,3,V,A14
3896LA,Wielseweg,3,V,A15
3896LA,Wielseweg,3,V,L11
3896LA,Wielseweg,3,V,O3
3896LA,Wielseweg,3,V,O4
3896LA,Wielseweg,3,H,E12
3896LA,Wielseweg,3,H,E13
3896LA,Wielseweg,3,H,E14
3896LA,Wielseweg,3,K,O2
3896LA,Wielseweg,3,V,V50
3896LA,Wielseweg,3,K,28
3896LA,Wielseweg,3,A,R1
3896LA,Wielseweg,3,A,R3
3896LA,Wielseweg,3,A,R4
3896LA,Wielseweg,3,A,R6
3896LA,Wielseweg,3,A,R8
3896LA,Wielseweg,3,A,R9
3896LA,Wielseweg,3,A,R11
3896LA,Wielseweg,3,A,R15
3896LA,Wielseweg,3,A,R16
3896LA,Wielseweg,3,A,R18
3896LA,Wielseweg,3,A,R22
3896LA,Wielseweg,3,A,R24
3896LA,Wielseweg,3,A,R26
3896LA,Wielseweg,3,A,R28
3896LA,Wielseweg,3,A,R31
3896LA,Wielseweg,3,A,R32
3896LA,Wielseweg,3,H,E8
3896LA,Wielseweg,3,K,I20
3896LA,Wielseweg,3,M,E1
3896LA,Wielseweg,3,M,E2
3896LA,Wielseweg,3,Z,W15
3896LA,Wielseweg,3,Z,W16
3896LA,Wielseweg,3,Z,W17
3896LA,Wielseweg,3,M,E6
3896LA,Wielseweg,3,M,E7
3896LA,Wielseweg,3,M,E8
3896LA,Wielseweg,3,M,E9
3896LA,Wielseweg,3,M,E12
3896LA,Wielseweg,3,M,E13
3896LA,Wielseweg,3,M,E14
3896LA,Wielseweg,3,M,E15
3896LA,Wielseweg,3,M,E17
3896LA,Wielseweg,3,M,E16
3896LA,Wielseweg,3,P,U4
3896LA,Wielseweg,3,P,U5
3896LA,Wielseweg,3,P,U6
3896LA,Wielseweg,3,P,U7
3896LA,Wielseweg,3,P,U10
3896LA,Wielseweg,3,P,U9
3896LA,Wielseweg,3,P,U11
3896LA,Wielseweg,3,P,U15
3896LA,Wielseweg,3,P,U19
3896LA,Wielseweg,3,G,R10
3896LA,Wielseweg,3,Z,W9
3896LA,Wielseweg,3,Z,W10
3896LA,Wielseweg,3,Z,W14
3896LA,Wielseweg,3,Z,W18
3896LA,Wielseweg,3,Z,W19
3896LA,Wielseweg,3,Z,W20
3896LA,Wielseweg,3,V,I9
3896LA,Wielseweg,3,V,I4
3896LA,Wielseweg,3,V,I2
3896LA,Wielseweg,3,V,I1
3896LA,Wielseweg,3,V,I6
3896LA,Wielseweg,3,V,I8
3896LA,Wielseweg,3,P,U14
3896LA,Wielseweg,3,R,G3
3896LA,Wielseweg,3,R,G4
3896LA,Wielseweg,3,R,G5
3896LA,Wielseweg,3,R,G7
3896LA,Wielseweg,3,R,G10
3896LA,Wielseweg,3,R,G11
3896LA,Wielseweg,3,R,G12
3896LA,Wielseweg,3,R,G14
3896LA,Wielseweg,3,R,G15
3896LA,Wielseweg,3,R,G16
3896LA,Wielseweg,3,K,22
3896LA,Wielseweg,3,K,23
3896LA,Wielseweg,3,K,61
3896LA,Wielseweg,3,K,42
3896LA,Wielseweg,3,K,49
3896LA,Wielseweg,3,K,47
3896LA,Wielseweg,3,K,62
3896LA,Wielseweg,3,K,63
3896LA,Wielseweg,3,K,65
3896LA,Wielseweg,3,K,69
3896LA,Wielseweg,3,K,70
3896LA,Wielseweg,3,K,72
3896LA,Wielseweg,3,K,80
3896LA,Wielseweg,3,K,81
3896LA,Wielseweg,3,K,91
3896LA,Wielseweg,3,K,77
3896LA,Wielseweg,3,K,87
3896LA,Wielseweg,3,K,112
3896LA,Wielseweg,3,K,10
3896LA,Wielseweg,3,K,12
3896LA,Wielseweg,3,K,14
3896LA,Wielseweg,3,K,16
3896LA,Wielseweg,3,K,18
3896LA,Wielseweg,3,K,24
3896LA,Wielseweg,3,K,50
3896LA,Wielseweg,3,K,52
3896LA,Wielseweg,3,K,54
3896LA,Wielseweg,3,K,55
3896LA,Wielseweg,3,K,56
3896LA,Wielseweg,3,K,59
3896LA,Wielseweg,3,K,5
3896LA,Wielseweg,3,A,L8
3896LA,Wielseweg,3,A,R12
3896LA,Wielseweg,3,A,L1
3896LA,Wielseweg,3,A,L2
3896LA,Wielseweg,3,A,L3
3896LA,Wielseweg,3,K,76
3896LA,Wielseweg,3,K,29
3896LA,Wielseweg,3,K,30
3896LA,Wielseweg,3,K,31
3896LA,Wielseweg,3,K,84
3896LA,Wielseweg,3,K,45
3896LA,Wielseweg,3,K,44
3896LA,Wielseweg,3,V,V53
3896LA,Wielseweg,3,V,V54
3896LA,Wielseweg,3,V,V55
3896LA,Wielseweg,3,V,V56
3896LA,Wielseweg,3,L,I3
3896LA,Wielseweg,3,Z,W6
3896LA,Wielseweg,3,B,U1
3896LA,Wielseweg,3,H,A1
3896LA,Wielseweg,3,H,A2
3896LA,Wielseweg,3,H,A15
3896LA,Wielseweg,3,V,O2
3896LA,Wielseweg,3,V,O5
3896LA,Wielseweg,3,V,O6
3896LA,Wielseweg,3,V,O8
3896LA,Wielseweg,3,V,O9
3896LA,Wielseweg,3,H,A4
3896LA,Wielseweg,3,H,A5
3896LA,Wielseweg,3,H,A9
3896LA,Wielseweg,3,R,E5
3896LA,Wielseweg,3,L,I4
3896LA,Wielseweg,3,L,I5
3896LA,Wielseweg,3,V,L5
3896LA,Wielseweg,3,V,L9
3896LA,Wielseweg,3,V,L10
3896LA,Wielseweg,3,V,A1
3896LA,Wielseweg,3,V,A3
3896LA,Wielseweg,3,V,A9
3896LA,Wielseweg,3,V,A10
3896LA,Wielseweg,3,M,U5
3896LA,Wielseweg,3,M,U6
3896LA,Wielseweg,3,M,U7
3896LA,Wielseweg,3,H,E5
3896LA,Wielseweg,3,H,E6
3896LA,Wielseweg,3,H,E7
3896LA,Wielseweg,3,R,E1
3896LA,Wielseweg,3,R,E2
3896LA,Wielseweg,3,R,E3
3896LA,Wielseweg,3,R,E7
3896LA,Wielseweg,3,R,E8
3896LA,Wielseweg,3,M,U2
3896LA,Wielseweg,3,M,U10
3896LA,Wielseweg,3,G,R2
3896LA,Wielseweg,3,G,R5
3896LA,Wielseweg,3,G,R7
3896LA,Wielseweg,3,G,R9
3896LA,Wielseweg,3,K,W1
3896LA,Wielseweg,3,K,W2
3896LA,Wielseweg,3,K,W3
3896LA,Wielseweg,3,K,W6
3896LA,Wielseweg,3,K,W8
3896LA,Wielseweg,3,K,W9
3896LA,Wielseweg,3,K,I34
3896LA,Wielseweg,3,K,I37
3896LA,Wielseweg,3,K,I41
3896LA,Wielseweg,3,B,U2
3896LA,Wielseweg,3,B,U5
3896LA,Wielseweg,3,B,U6
3896LA,Wielseweg,3,B,U7
3896LA,Wielseweg,3,H,A10
3896LA,Wielseweg,3,H,A11
3896LA,Wielseweg,3,H,A13
3896LA,Wielseweg,3,K,W10
3896LA,Wielseweg,3,G,A2
3896LA,Wielseweg,3,G,A3
3896LA,Wielseweg,3,G,A5
3896LA,Wielseweg,3,G,A7
3896LA,Wielseweg,3,G,A8
3896LA,Wielseweg,3,G,A9
3896LA,Wielseweg,3,G,A10
3896LA,Wielseweg,3,G,A12
3896LA,Wielseweg,3,G,A13
3896LA,Wielseweg,3,G,A14
3896LA,Wielseweg,3,G,A15
3896LA,Wielseweg,3,G,A17
3896LA,Wielseweg,3,G,A18
3896LA,Wielseweg,3,G,A19
3896LA,Wielseweg,3,G,A20
3896LA,Wielseweg,3,K,I15
3896LA,Wielseweg,3,K,I8
3896LA,Wielseweg,3,K,I17
3896LA,Wielseweg,3,K,I23
3896LA,Wielseweg,3,K,I27
3896LA,Wielseweg,3,L,I6
3896LA,Wielseweg,3,L,I10
3896LA,Wielseweg,3,L,I7
3896LA,Wielseweg,3,Z,W1
3896LA,Wielseweg,3,Z,W3
3896LA,Wielseweg,3,Z,W5
3896LA,Wielseweg,3,Z,W7
3896LA,Wielseweg,3,Z,W8
3896LA,Wielseweg,3,E,E3
3896LA,Wielseweg,3,E,E4
3896LA,Wielseweg,3,E,E5
3896LA,Wielseweg,3,E,E7
3896LA,Wielseweg,3,E,E8
3896LA,Wielseweg,3,E,E9
3896LA,Wielseweg,3,E,E11
3896LA,Wielseweg,3,E,E12
3896LA,Wielseweg,3,E,E14
3896LA,Wielseweg,3,E,E16
3896LA,Wielseweg,3,E,E17
3896LA,Wielseweg,3,E,E18
3896LA,Wielseweg,3,E,E25
3896LA,Wielseweg,3,L,E3
3896LA,Wielseweg,3,L,E4
3896LA,Wielseweg,3,H,A7
3896LA,Wielseweg,3,H,A8
3896LA,Wielseweg,3,V,A5
3896LA,Wielseweg,3,D,A5
3896LA,Wielseweg,3,D,A6
3896LA,Wielseweg,3,D,A7
3896LA,Wielseweg,3,D,A9
3896LA,Wielseweg,3,H,A14
3896LA,Wielseweg,3,H,E3
3896LA,Wielseweg,3,H,E2
3896LA,Wielseweg,3,K,I24
3896LA,Wielseweg,3,K,I5
3896LA,Wielseweg,3,S,W4
3896LA,Wielseweg,3,S,W17
3896LA,Wielseweg,3,S,W18
3896LA,Wielseweg,3,S,W19
3896LA,Wielseweg,3,S,W20
3896LA,Wielseweg,3,S,W10
3896LA,Wielseweg,3,S,W11
3896LA,Wielseweg,3,S,W15
3896LA,Wielseweg,3,Z,W4
3896LA,Wielseweg,3,R,E10
3896LA,Wielseweg,3,R,G20
3896LA,Wielseweg,3,A,D50
3896LA,Wielseweg,3,K,27
3896LA,Wielseweg,3,K,38
3896LA,Wielseweg,3,K,95
3896LA,Wielseweg,3,K,101
3896LA,Wielseweg,3,K,103
3896LA,Wielseweg,3,K,106
3896LA,Wielseweg,3,M,E4
3896LA,Wielseweg,3,V,A4
3896LA,Wielseweg,3,A,D1B
3896LA,Wielseweg,3,A,D3
3896LA,Wielseweg,3,F,A1
3896LA,Wielseweg,3,F,A2
3896LA,Wielseweg,3,K,20
3896LA,Wielseweg,3,A,D45
3896LA,Wielseweg,3,A,D9
3896LA,Wielseweg,3,H,E1
3896LA,Wielseweg,3,K,107
3896LA,Wielseweg,3,K,19
3896LA,Wielseweg,3,K,94
3896LA,Wielseweg,3,K,I21
3896LA,Wielseweg,3,K,W5
3896LA,Wielseweg,3,E,E1
3896LA,Wielseweg,3,A,R10
3896LA,Wielseweg,3,A,R17
3896LA,Wielseweg,3,A,R23
3896LA,Wielseweg,3,A,R29
3896LA,Wielseweg,3,A,R34
3896LA,Wielseweg,3,M,E3
3896LA,Wielseweg,3,P,U20
3896LA,Wielseweg,3,M,E11
3896LA,Wielseweg,3,M,E19
3896LA,Wielseweg,3,K,64
3896LA,Wielseweg,3,K,71
3896LA,Wielseweg,3,K,83
3896LA,Wielseweg,3,K,34
3896LA,Wielseweg,3,K,4
3896LA,Wielseweg,3,K,17
3896LA,Wielseweg,3,K,53
3896LA,Wielseweg,3,K,60
3896LA,Wielseweg,3,A,R13
3896LA,Wielseweg,3,A,L4
3896LA,Wielseweg,3,K,86
3896LA,Wielseweg,3,M,U1
3896LA,Wielseweg,3,G,R1
3896LA,Wielseweg,3,G,R8
3896LA,Wielseweg,3,K,W4
3896LA,Wielseweg,3,K,I32
3896LA,Wielseweg,3,B,U9
3896LA,Wielseweg,3,G,A1
3896LA,Wielseweg,3,G,A6
3896LA,Wielseweg,3,G,A11
3896LA,Wielseweg,3,G,A16
3896LA,Wielseweg,3,D,A10
3896LA,Wielseweg,3,K,I1
3896LA,Wielseweg,3,S,W6
3896LA,Wielseweg,3,S,W21
3896LA,Wielseweg,3,S,W13
3896LA,Wielseweg,3,R,E9
3896LA,Wielseweg,3,D,A4
3896LA,Wielseweg,3,K,102
3896LA,Wielseweg,3,K,I11
3896LA,Wielseweg,3,A,D26
3896LA,Wielseweg,3,F,A4
3896LA,Wielseweg,3,V,L4
3896LA,Wielseweg,3,A,D14
3896LA,Wielseweg,3,A,D25
3896LA,Wielseweg,3,A,D38
3896LA,Wielseweg,3,A,D49
3896LA,Wielseweg,3,A,D5
3896LA,Wielseweg,3,K,26
3896LA,Wielseweg,3,K,39
3896LA,Wielseweg,3,K,6
3896LA,Wielseweg,3,K,7
3896LA,Wielseweg,3,K,82
3896LA,Wielseweg,3,K,I30
3896LA,Wielseweg,3,L,E2
3896LA,Wielseweg,3,O,O3
3896LA,Wielseweg,3,V,L8
3896LA,Wielseweg,3,A,D10
3896LA,Wielseweg,3,A,D19
3896LA,Wielseweg,3,A,D28
3896LA,Wielseweg,3,A,D39
3896LA,Wielseweg,3,K,21
3896LA,Wielseweg,3,K,51
3896LA,Wielseweg,3,K,I13
3896LA,Wielseweg,3,K,I26
3896LA,Wielseweg,3,K,I39
3896LA,Wielseweg,3,A,D47
3896LA,Wielseweg,3,A,L5
3896LA,Wielseweg,3,A,R20
3896LA,Wielseweg,3,A,R21
3896LA,Wielseweg,3,P,U16
3896LA,Wielseweg,3,A,D31
3896LA,Wielseweg,3,K,89
3896LA,Wielseweg,3,E,K6
3896LA,Wielseweg,3,V,A13
3896LA,Wielseweg,3,A,R30
3896LA,Wielseweg,3,M,E20
3896LA,Wielseweg,3,R,G1
3896LA,Wielseweg,3,K,92
3896LA,Wielseweg,3,K,O3
3896LA,Wielseweg,3,D,A1
3896LA,Wielseweg,3,M,U3
3896LA,Wielseweg,3,B,U8
3896LA,Wielseweg,3,L,I8
3896LA,Wielseweg,3,V,I10
3896LA,Wielseweg,3,V,A11
3896LA,Wielseweg,3,A,R5
3896LA,Wielseweg,3,B,U4
3896LA,Wielseweg,3,K,I18
3896LA,Wielseweg,3,V,A12
3896LA,Wielseweg,3,V,I5
3896LA,Wielseweg,3,Z,W13
3896LA,Wielseweg,3,S,W5
3896LA,Wielseweg,3,A,R2
3896LA,Wielseweg,3,A,R7
3896LA,Wielseweg,3,A,R14
3896LA,Wielseweg,3,A,R19
3896LA,Wielseweg,3,A,R27
3896LA,Wielseweg,3,A,R33
3896LA,Wielseweg,3,V,I3
3896LA,Wielseweg,3,V,I7
3896LA,Wielseweg,3,R,G2
3896LA,Wielseweg,3,R,G6
3896LA,Wielseweg,3,R,G13
3896LA,Wielseweg,3,R,G17
3896LA,Wielseweg,3,K,36
3896LA,Wielseweg,3,K,43
3896LA,Wielseweg,3,K,67
3896LA,Wielseweg,3,K,79
3896LA,Wielseweg,3,K,93
3896LA,Wielseweg,3,K,2
3896LA,Wielseweg,3,V,O1
3896LA,Wielseweg,3,V,O7
3896LA,Wielseweg,3,H,A3
3896LA,Wielseweg,3,R,E4
3896LA,Wielseweg,3,V,L6
3896LA,Wielseweg,3,V,A2
3896LA,Wielseweg,3,M,U4
3896LA,Wielseweg,3,M,U8
3896LA,Wielseweg,3,H,E11
3896LA,Wielseweg,3,R,E6
3896LA,Wielseweg,3,M,U9
3896LA,Wielseweg,3,G,R6
3896LA,Wielseweg,3,K,I3
3896LA,Wielseweg,3,K,I25
3896LA,Wielseweg,3,L,I9
3896LA,Wielseweg,3,Z,W2
3896LA,Wielseweg,3,E,E2
3896LA,Wielseweg,3,E,E6
3896LA,Wielseweg,3,E,E10
3896LA,Wielseweg,3,E,E15
3896LA,Wielseweg,3,E,E21
3896LA,Wielseweg,3,H,A6
3896LA,Wielseweg,3,V,I11
3896LA,Wielseweg,3,D,A8
3896LA,Wielseweg,3,H,E9
3896LA,Wielseweg,3,S,W16
3896LA,Wielseweg,3,S,W22
3896LA,Wielseweg,3,V,A6
3896LA,Wielseweg,3,R,G18
3896LA,Wielseweg,3,K,85
3896LA,Wielseweg,3,K,104
3896LA,Wielseweg,3,A,D1A
3896LA,Wielseweg,3,F,A3
3896LA,Wielseweg,3,A,D22
3896LA,Wielseweg,3,A,D29
3896LA,Wielseweg,3,A,D37
3896LA,Wielseweg,3,A,D42
3896LA,Wielseweg,3,A,D48
3896LA,Wielseweg,3,B,U10
3896LA,Wielseweg,3,D,A2
3896LA,Wielseweg,3,E,K1
3896LA,Wielseweg,3,K,1
3896LA,Wielseweg,3,K,15
3896LA,Wielseweg,3,K,57
3896LA,Wielseweg,3,K,68
3896LA,Wielseweg,3,K,90
3896LA,Wielseweg,3,K,I22
3896LA,Wielseweg,3,K,I9
3896LA,Wielseweg,3,Z,W11
3896LA,Wielseweg,3,O,O7
3896LA,Wielseweg,3,A,D41
3896LA,Wielseweg,3,A,D53
3896LA,Wielseweg,3,A,D52
3896LA,Wielseweg,3,A,D54
3896LA,Wielseweg,3,A,D55
3896LA,Wielseweg,2,,
3896LA,Wielseweg,1,F,
3896MB,Wielseweg,5,A,14
3896MB,Wielseweg,9,,
3896MB,Wielseweg,5,A,12
3896MB,Wielseweg,5,A,37
3896MB,Wielseweg,5,A,53
3896MB,Wielseweg,5,A,17
3896MB,Wielseweg,5,A,20
3896MB,Wielseweg,5,A,21
3896MB,Wielseweg,5,A,25
3896MB,Wielseweg,5,A,29
3896MB,Wielseweg,5,A,32
3896MB,Wielseweg,5,A,36
3896MB,Wielseweg,5,A,40
3896MB,Wielseweg,5,A,44
3896MB,Wielseweg,5,A,48
3896MB,Wielseweg,5,A,8
3896MB,Wielseweg,11,,
3896MB,Wielseweg,11,,
3896MB,Wielseweg,13,,
3896MB,Wielseweg,15,,
3896LS,Groenewoudseweg,71,,8
3896LS,Groenewoudseweg,71,,8
3896LS,Groenewoudseweg,71,,20
3896LS,Groenewoudseweg,71,,20
