"postcode","huisnummer","huisletter","toevoeging"
"8271AA",3,"",""
"8271AA",1,"",""
"8271AA",17,"",""
"8271AA",15,"",""
"8271AA",19,"",""
"8271AA",47,"",""
"8271AA",45,"",""
"8271AA",11,"",""
"8271AA",43,"",""
"8271AA",27,"",""
"8271AA",49,"",""
"8271AA",19,"",""
"8271AA",7,"",""
"8271AA",9,"",""
"8271AA",37,"",""
"8271AA",39,"",""
"8271AA",5,"",""
"8271AA",13,"",""
"8271AA",25,"",""
"8271AA",51,"",""
"8271AA",23,"",""
"8271AA",35,"",""
"8271AA",41,"",""
"8271AA",33,"",""
"8271AA",33,"",""
"8271AB",79,"A",""
"8271AB",87,"",""
"8271AB",91,"",""
"8271AB",85,"",""
"8271AB",59,"",""
"8271AB",77,"",""
"8271AB",61,"",""
"8271AB",55,"",""
"8271AB",79,"",""
"8271AB",71,"",""
"8271AB",65,"",""
"8271AB",61,"","TR"
"8271AB",69,"",""
"8271AB",53,"",""
"8271AB",75,"",""
"8271AB",89,"",""
"8271AB",67,"",""
"8271AB",83,"",""
"8271AB",73,"",""
"8271AB",63,"",""
"8271AB",81,"",""
"8271AC",109,"",""
"8271AC",105,"",""
"8271AC",97,"",""
"8271AC",103,"",""
"8271AC",115,"",""
"8271AC",93,"",""
"8271AC",101,"",""
"8271AC",107,"",""
"8271AC",119,"",""
"8271AC",113,"",""
"8271AC",111,"",""
"8271AC",99,"",""
"8271AC",119,"A",""
"8271AC",95,"",""
"8271AC",117,"",""
"8271AC",121,"",""
"8271AC",123,"",""
"8271AD",131,"",""
"8271AD",137,"",""
"8271AD",139,"",""
"8271AD",141,"",""
"8271AD",137,"","TR"
"8271AD",127,"",""
"8271AD",129,"",""
"8271AD",135,"",""
"8271AD",125,"",""
"8271AD",137,"B",""
"8271AD",133,"",""
"8271AE",1,"",""
"8271AE",24,"",""
"8271AE",5,"",""
"8271AE",23,"",""
"8271AE",1,"",""
"8271AE",1,"",""
"8271AE",20,"",""
"8271AE",27,"",""
"8271AE",29,"",""
"8271AE",25,"",""
"8271AE",3,"",""
"8271AE",19,"",""
"8271AE",4,"",""
"8271AE",7,"",""
"8271AE",13,"",""
"8271AE",21,"",""
"8271AE",17,"",""
"8271AE",7,"A",""
"8271AE",1,"A",""
"8271AE",6,"",""
"8271AE",16,"",""
"8271AE",8,"",""
"8271AE",2,"",""
"8271AE",15,"",""
"8271AE",9,"",""
"8271AE",11,"",""
"8271AE",10,"",""
"8271AE",14,"",""
"8271AE",18,"",""
"8271AE",1,"C",""
"8271AE",12,"",""
"8271AE",1,"B",""
"8271AG",52,"",""
"8271AG",34,"",""
"8271AG",4,"",""
"8271AG",39,"",""
"8271AG",35,"",""
"8271AG",50,"",""
"8271AG",3,"",""
"8271AG",8,"",""
"8271AG",58,"",""
"8271AG",44,"",""
"8271AG",42,"",""
"8271AG",30,"","1"
"8271AG",40,"",""
"8271AG",38,"",""
"8271AG",12,"",""
"8271AG",54,"",""
"8271AG",46,"",""
"8271AG",6,"",""
"8271AG",37,"",""
"8271AG",7,"",""
"8271AG",26,"",""
"8271AG",33,"",""
"8271AG",56,"",""
"8271AG",31,"",""
"8271AG",32,"",""
"8271AG",15,"",""
"8271AG",16,"",""
"8271AG",17,"",""
"8271AG",13,"",""
"8271AG",2,"",""
"8271AG",11,"",""
"8271AG",5,"",""
"8271AG",28,"",""
"8271AG",19,"",""
"8271AG",10,"",""
"8271AG",21,"",""
"8271AG",30,"","1"
"8271AG",27,"",""
"8271AG",18,"",""
"8271AG",48,"",""
"8271AG",20,"",""
"8271AG",11,"A",""
"8271AG",36,"",""
"8271AG",29,"",""
"8271AG",22,"",""
"8271AG",14,"",""
"8271AG",24,"",""
"8271AG",30,"",""
"8271AG",23,"",""
"8271AG",25,"",""
"8271AL",53,"",""
"8271AL",67,"","10"
"8271AL",59,"",""
"8271AL",67,"","09"
"8271AL",57,"",""
"8271AL",67,"","08"
"8271AL",67,"","02"
"8271AL",75,"",""
"8271AL",67,"","07"
"8271AL",65,"",""
"8271AL",67,"","05"
"8271AL",71,"","GR06"
"8271AL",51,"",""
"8271AL",67,"","TR"
"8271AL",67,"","03"
"8271AL",47,"A",""
"8271AL",61,"",""
"8271AL",67,"","01"
"8271AL",77,"",""
"8271AL",83,"",""
"8271AL",71,"","GR10"
"8271AL",73,"",""
"8271AL",67,"","11"
"8271AL",67,"","06"
"8271AL",49,"",""
"8271AL",71,"","GR07"
"8271AL",43,"",""
"8271AL",67,"","04"
"8271AL",71,"","GR05"
"8271AL",71,"","GR08"
"8271AL",71,"","GR03"
"8271AL",63,"",""
"8271AL",45,"",""
"8271AL",71,"","GR04"
"8271AL",61,"",""
"8271AL",67,"","13"
"8271AL",71,"",""
"8271AL",67,"","12"
"8271AL",55,"",""
"8271AL",81,"",""
"8271AL",63,"",""
"8271AL",81,"A",""
"8271AL",79,"",""
"8271AL",71,"","GR09"
"8271AL",47,"",""
"8271AX",39,"",""
"8271AX",31,"",""
"8271AX",43,"",""
"8271AX",41,"",""
"8271AX",1,"",""
"8271AX",2,"",""
"8271AX",21,"",""
"8271AX",9,"",""
"8271AX",1,"",""
"8271AX",11,"",""
"8271AX",29,"",""
"8271AX",47,"",""
"8271AX",27,"",""
"8271AX",1,"",""
"8271AX",49,"",""
"8271AX",25,"",""
"8271AX",5,"",""
"8271AX",19,"",""
"8271AX",37,"",""
"8271AX",6,"",""
"8271AX",45,"",""
"8271AX",2,"",""
"8271AX",33,"",""
"8271AX",4,"",""
"8271AX",15,"",""
"8271AX",13,"",""
"8271AX",8,"",""
"8271AX",23,"",""
"8271AX",2,"A",""
"8271AX",35,"",""
"8271AX",2,"B",""
"8271AX",7,"",""
"8271AX",17,"",""
"8271AX",2,"","TR"
"8271AX",3,"",""
"8271AX",2,"",""
"8271BA",5,"","1"
"8271BA",11,"",""
"8271BA",4,"",""
"8271BA",7,"",""
"8271BA",5,"","1"
"8271BA",5,"A",""
"8271BA",9,"",""
"8271BA",6,"",""
"8271BA",5,"",""
"8271BA",2,"",""
"8271BA",6,"",""
"8271BA",13,"",""
"8271BA",3,"",""
"8271ES",11,"",""
"8271ES",15,"",""
"8271ES",11,"C",""
"8271ES",5,"",""
"8271ES",3,"",""
"8271ES",7,"",""
"8271ES",15,"A",""
"8271ES",11,"A",""
"8271ES",13,"",""
"8271ES",11,"B",""
"8271ES",19,"",""
"8271ES",21,"",""
"8271ES",9,"",""
"8271ES",15,"B",""
"8271JA",8,"",""
"8271JA",14,"",""
"8271JA",38,"",""
"8271JA",32,"",""
"8271JA",12,"",""
"8271JA",4,"",""
"8271JA",2,"",""
"8271JA",10,"",""
"8271JA",16,"",""
"8271JA",36,"",""
"8271JA",26,"",""
"8271JA",30,"",""
"8271JA",6,"",""
"8271JA",18,"",""
"8271JA",22,"",""
"8271JA",28,"",""
"8271JA",34,"",""
"8271JA",24,"",""
"8271JA",20,"",""
"8271JB",27,"",""
"8271JB",3,"",""
"8271JB",19,"",""
"8271JB",17,"",""
"8271JB",1,"",""
"8271JB",15,"",""
"8271JB",25,"",""
"8271JB",5,"",""
"8271JB",13,"",""
"8271JB",23,"",""
"8271JB",9,"",""
"8271JB",7,"",""
"8271JB",11,"",""
"8271JB",21,"",""
"8271JC",13,"",""
"8271JC",3,"",""
"8271JC",24,"",""
"8271JC",14,"",""
"8271JC",8,"",""
"8271JC",20,"",""
"8271JC",1,"",""
"8271JC",4,"",""
"8271JC",18,"",""
"8271JC",9,"",""
"8271JC",2,"",""
"8271JC",6,"",""
"8271JC",12,"",""
"8271JC",16,"",""
"8271JC",7,"",""
"8271JC",10,"",""
"8271JC",26,"",""
"8271JC",11,"",""
"8271JC",28,"",""
"8271JC",22,"",""
"8271JC",5,"",""
"8271JC",15,"",""
"8271JD",11,"",""
"8271JD",29,"",""
"8271JD",15,"A",""
"8271JD",7,"",""
"8271JD",15,"C",""
"8271JD",15,"",""
"8271JD",43,"",""
"8271JD",13,"",""
"8271JD",17,"B",""
"8271JD",33,"",""
"8271JD",9,"",""
"8271JD",17,"A",""
"8271JD",23,"",""
"8271JD",39,"",""
"8271JD",19,"",""
"8271JD",27,"",""
"8271JD",25,"",""
"8271JD",17,"D",""
"8271JD",15,"E",""
"8271JD",21,"",""
"8271JD",1,"",""
"8271JD",15,"B",""
"8271JD",41,"",""
"8271JD",31,"",""
"8271JD",5,"",""
"8271JD",3,"",""
"8271JD",15,"D",""
"8271JD",37,"",""
"8271JD",17,"",""
"8271JD",17,"C",""
"8271JD",45,"",""
"8271JD",47,"",""
"8271JD",35,"",""
"8271JE",4,"",""
"8271JE",24,"",""
"8271JE",10,"",""
"8271JE",8,"",""
"8271JE",6,"",""
"8271JE",18,"",""
"8271JE",16,"",""
"8271JE",14,"",""
"8271JE",30,"",""
"8271JE",34,"",""
"8271JE",12,"",""
"8271JE",36,"",""
"8271JE",20,"",""
"8271JE",2,"","TR"
"8271JE",32,"",""
"8271JE",28,"",""
"8271JE",22,"",""
"8271JE",26,"",""
"8271JE",2,"",""
"8271JV",1,"",""
"8271JV",5,"",""
"8271JV",3,"",""
"8271JV",7,"",""
"8271JX",14,"",""
"8271JX",23,"",""
"8271JX",29,"",""
"8271JX",3,"",""
"8271JX",41,"",""
"8271JX",24,"",""
"8271JX",21,"",""
"8271JX",15,"",""
"8271JX",12,"",""
"8271JX",18,"",""
"8271JX",1,"",""
"8271JX",2,"",""
"8271JX",16,"",""
"8271JX",13,"",""
"8271JX",9,"",""
"8271JX",28,"",""
"8271JX",5,"",""
"8271JX",45,"",""
"8271JX",25,"",""
"8271JX",4,"",""
"8271JX",17,"",""
"8271JX",8,"",""
"8271JX",10,"",""
"8271JX",27,"",""
"8271JX",30,"",""
"8271JX",49,"",""
"8271JX",47,"",""
"8271JX",36,"",""
"8271JX",11,"",""
"8271JX",53,"",""
"8271JX",37,"",""
"8271JX",19,"",""
"8271JX",43,"",""
"8271JX",20,"",""
"8271JX",26,"",""
"8271JX",22,"",""
"8271JX",51,"",""
"8271JX",33,"",""
"8271JX",7,"",""
"8271JX",6,"",""
"8271JX",32,"",""
"8271JX",35,"",""
"8271JX",39,"",""
"8271JX",31,"",""
"8271JX",34,"",""
"8271JZ",59,"",""
"8271JZ",9,"",""
"8271JZ",25,"",""
"8271JZ",37,"",""
"8271JZ",17,"",""
"8271JZ",73,"",""
"8271JZ",35,"",""
"8271JZ",23,"",""
"8271JZ",41,"",""
"8271JZ",39,"",""
"8271JZ",55,"",""
"8271JZ",63,"",""
"8271JZ",47,"",""
"8271JZ",45,"",""
"8271JZ",15,"",""
"8271JZ",57,"",""
"8271JZ",31,"",""
"8271JZ",75,"",""
"8271JZ",19,"",""
"8271JZ",53,"",""
"8271JZ",33,"",""
"8271JZ",29,"",""
"8271JZ",65,"",""
"8271JZ",89,"",""
"8271JZ",71,"",""
"8271JZ",43,"",""
"8271JZ",61,"",""
"8271JZ",27,"",""
"8271JZ",83,"",""
"8271JZ",69,"",""
"8271JZ",67,"",""
"8271JZ",95,"",""
"8271JZ",11,"",""
"8271JZ",1,"",""
"8271JZ",97,"",""
"8271JZ",51,"",""
"8271JZ",5,"",""
"8271JZ",79,"",""
"8271JZ",13,"",""
"8271JZ",49,"",""
"8271JZ",85,"",""
"8271JZ",81,"",""
"8271JZ",87,"",""
"8271JZ",77,"",""
"8271JZ",93,"",""
"8271JZ",91,"",""
"8271JZ",3,"",""
"8271JZ",7,"",""
"8271LA",30,"",""
"8271LA",34,"",""
"8271LA",27,"",""
"8271LA",28,"",""
"8271LA",32,"",""
"8271LA",41,"",""
"8271LA",29,"",""
"8271LA",31,"",""
"8271LA",23,"",""
"8271LA",33,"",""
"8271LA",21,"",""
"8271LA",1,"",""
"8271LA",55,"",""
"8271LA",53,"",""
"8271LA",51,"",""
"8271LA",24,"",""
"8271LA",9,"",""
"8271LA",36,"",""
"8271LA",34,"A",""
"8271LA",10,"",""
"8271LA",39,"",""
"8271LA",37,"",""
"8271LA",24,"",""
"8271LA",2,"",""
"8271LA",35,"",""
"8271LA",63,"",""
"8271LA",13,"",""
"8271LA",19,"A",""
"8271LA",49,"",""
"8271LA",7,"",""
"8271LA",8,"",""
"8271LA",4,"",""
"8271LA",2,"",""
"8271LA",47,"",""
"8271LA",3,"",""
"8271LA",45,"",""
"8271LA",26,"",""
"8271LA",25,"",""
"8271LA",22,"",""
"8271LA",61,"",""
"8271LA",15,"",""
"8271LA",11,"",""
"8271LA",38,"",""
"8271LA",5,"",""
"8271LA",6,"",""
"8271LA",2,"",""
"8271LA",57,"",""
"8271LA",20,"",""
"8271LA",14,"",""
"8271LA",16,"",""
"8271LA",17,"",""
"8271LA",43,"",""
"8271LA",22,"",""
"8271LA",18,"",""
"8271LA",59,"",""
"8271LA",12,"",""
"8271LA",19,"",""
"8271LB",6,"",""
"8271LB",39,"",""
"8271LB",3,"",""
"8271LB",51,"",""
"8271LB",50,"",""
"8271LB",17,"",""
"8271LB",7,"",""
"8271LB",24,"",""
"8271LB",36,"",""
"8271LB",29,"",""
"8271LB",14,"",""
"8271LB",85,"",""
"8271LB",5,"",""
"8271LB",67,"",""
"8271LB",53,"",""
"8271LB",52,"",""
"8271LB",27,"",""
"8271LB",30,"",""
"8271LB",26,"",""
"8271LB",18,"",""
"8271LB",19,"",""
"8271LB",25,"",""
"8271LB",61,"",""
"8271LB",8,"",""
"8271LB",1,"",""
"8271LB",11,"",""
"8271LB",56,"",""
"8271LB",23,"",""
"8271LB",31,"",""
"8271LB",35,"",""
"8271LB",28,"",""
"8271LB",22,"",""
"8271LB",20,"",""
"8271LB",71,"",""
"8271LB",79,"",""
"8271LB",2,"",""
"8271LB",4,"",""
"8271LB",12,"",""
"8271LB",87,"",""
"8271LB",58,"",""
"8271LB",43,"",""
"8271LB",45,"",""
"8271LB",37,"",""
"8271LB",34,"",""
"8271LB",42,"",""
"8271LB",21,"",""
"8271LB",60,"",""
"8271LB",63,"",""
"8271LB",73,"",""
"8271LB",44,"",""
"8271LB",77,"",""
"8271LB",57,"",""
"8271LB",49,"",""
"8271LB",83,"",""
"8271LB",59,"",""
"8271LB",65,"",""
"8271LB",69,"",""
"8271LB",47,"",""
"8271LB",10,"",""
"8271LB",32,"",""
"8271LB",33,"",""
"8271LB",16,"",""
"8271LB",13,"",""
"8271LB",9,"",""
"8271LB",81,"",""
"8271LB",54,"",""
"8271LB",46,"",""
"8271LB",48,"",""
"8271LB",55,"",""
"8271LB",38,"",""
"8271LB",75,"",""
"8271LB",40,"",""
"8271LB",15,"",""
"8271LB",41,"",""
"8271LC",36,"",""
"8271LC",5,"",""
"8271LC",13,"",""
"8271LC",40,"",""
"8271LC",11,"",""
"8271LC",38,"",""
"8271LC",26,"",""
"8271LC",22,"",""
"8271LC",14,"A",""
"8271LC",16,"",""
"8271LC",15,"",""
"8271LC",14,"",""
"8271LC",19,"",""
"8271LC",20,"",""
"8271LC",28,"",""
"8271LC",17,"",""
"8271LC",8,"",""
"8271LC",7,"",""
"8271LC",34,"",""
"8271LC",12,"",""
"8271LC",30,"",""
"8271LC",18,"",""
"8271LC",9,"",""
"8271LC",10,"",""
"8271LC",24,"",""
"8271LC",1,"",""
"8271LC",32,"",""
"8271LC",6,"",""
"8271LC",3,"",""
"8271LD",3,"",""
"8271LD",1,"",""
"8271LD",17,"",""
"8271LD",7,"",""
"8271LD",8,"",""
"8271LD",11,"",""
"8271LD",2,"",""
"8271LD",18,"",""
"8271LD",12,"",""
"8271LD",22,"",""
"8271LD",9,"",""
"8271LD",13,"",""
"8271LD",15,"",""
"8271LD",10,"",""
"8271LD",4,"",""
"8271LD",6,"",""
"8271LD",14,"",""
"8271LD",21,"",""
"8271LD",24,"",""
"8271LD",16,"",""
"8271LD",20,"",""
"8271LD",19,"",""
"8271LD",23,"",""
"8271LD",5,"",""
"8271LE",4,"",""
"8271LE",6,"",""
"8271LE",5,"",""
"8271LE",7,"",""
"8271LE",10,"",""
"8271LE",1,"",""
"8271LE",2,"",""
"8271LE",3,"",""
"8271LE",12,"",""
"8271LE",8,"",""
"8271LG",28,"",""
"8271LG",12,"",""
"8271LG",10,"",""
"8271LG",9,"",""
"8271LG",28,"",""
"8271LG",8,"",""
"8271LG",4,"",""
"8271LG",1,"",""
"8271LG",2,"",""
"8271LG",26,"",""
"8271LG",15,"",""
"8271LG",6,"",""
"8271LG",12,"",""
"8271LG",4,"",""
"8271LG",12,"",""
"8271LG",28,"",""
"8271LG",7,"",""
"8271LG",11,"",""
"8271LG",13,"",""
"8271LG",18,"",""
"8271LG",3,"",""
"8271LG",24,"",""
"8271LG",16,"",""
"8271LG",5,"",""
"8271LG",14,"",""
"8271LG",22,"",""
"8271LG",20,"",""
"8271LH",5,"",""
"8271LH",10,"",""
"8271LH",19,"",""
"8271LH",2,"",""
"8271LH",8,"",""
"8271LH",17,"",""
"8271LH",5,"",""
"8271LH",16,"",""
"8271LH",9,"",""
"8271LH",12,"",""
"8271LH",7,"",""
"8271LH",6,"",""
"8271LH",5,"",""
"8271LH",1,"",""
"8271LH",14,"",""
"8271LH",4,"",""
"8271LH",3,"",""
"8271LH",21,"",""
"8271LJ",80,"",""
"8271LJ",26,"",""
"8271LJ",36,"",""
"8271LJ",28,"",""
"8271LJ",18,"",""
"8271LJ",72,"",""
"8271LJ",84,"",""
"8271LJ",30,"",""
"8271LJ",38,"",""
"8271LJ",1,"",""
"8271LJ",74,"",""
"8271LJ",2,"",""
"8271LJ",24,"",""
"8271LJ",48,"",""
"8271LJ",78,"",""
"8271LJ",8,"",""
"8271LJ",40,"",""
"8271LJ",68,"",""
"8271LJ",62,"",""
"8271LJ",82,"",""
"8271LJ",84,"",""
"8271LJ",7,"",""
"8271LJ",6,"",""
"8271LJ",86,"",""
"8271LJ",34,"",""
"8271LJ",4,"",""
"8271LJ",76,"",""
"8271LJ",60,"",""
"8271LJ",32,"",""
"8271LJ",20,"",""
"8271LJ",66,"",""
"8271LJ",64,"",""
"8271LJ",42,"",""
"8271LJ",12,"",""
"8271LJ",10,"",""
"8271LJ",5,"",""
"8271LJ",16,"",""
"8271LJ",3,"",""
"8271LJ",22,"",""
"8271LJ",70,"",""
"8271LJ",56,"",""
"8271LJ",50,"",""
"8271LJ",46,"",""
"8271LJ",54,"",""
"8271LJ",52,"",""
"8271LJ",58,"",""
"8271LJ",14,"",""
"8271LJ",44,"",""
"8271LK",5,"",""
"8271LK",3,"",""
"8271LK",4,"",""
"8271LK",2,"",""
"8271LK",1,"",""
"8271LK",7,"",""
"8271LK",12,"",""
"8271LK",10,"",""
"8271LK",9,"",""
"8271LK",20,"",""
"8271LK",6,"",""
"8271LK",11,"",""
"8271LK",25,"",""
"8271LK",17,"",""
"8271LK",15,"",""
"8271LK",19,"",""
"8271LK",18,"",""
"8271LK",21,"",""
"8271LK",23,"",""
"8271LK",14,"",""
"8271LK",16,"",""
"8271LK",13,"",""
"8271LK",8,"",""
"8271LL",2,"",""
"8271LL",3,"",""
"8271LL",1,"",""
"8271LL",4,"",""
"8271LL",7,"",""
"8271LL",5,"",""
"8271LL",6,"",""
"8271LL",8,"",""
"8271LM",16,"",""
"8271LM",11,"",""
"8271LM",18,"",""
"8271LM",4,"",""
"8271LM",8,"",""
"8271LM",6,"",""
"8271LM",2,"",""
"8271LM",20,"",""
"8271LM",7,"",""
"8271LM",10,"",""
"8271LM",10,"",""
"8271LM",14,"",""
"8271LM",10,"",""
"8271LM",9,"",""
"8271LM",12,"",""
"8271LM",13,"",""
"8271LM",5,"",""
"8271LM",1,"",""
"8271LM",3,"",""
"8271LN",6,"",""
"8271LN",19,"",""
"8271LN",18,"",""
"8271LN",24,"",""
"8271LN",5,"",""
"8271LN",3,"",""
"8271LN",14,"",""
"8271LN",30,"",""
"8271LN",26,"",""
"8271LN",32,"",""
"8271LN",34,"",""
"8271LN",16,"",""
"8271LN",11,"",""
"8271LN",36,"",""
"8271LN",8,"",""
"8271LN",17,"",""
"8271LN",13,"",""
"8271LN",9,"",""
"8271LN",28,"",""
"8271LN",22,"",""
"8271LN",15,"",""
"8271LN",12,"",""
"8271LN",7,"",""
"8271LN",20,"",""
"8271LN",10,"",""
"8271LN",1,"",""
"8271LN",21,"",""
"8271PR",2,"",""
"8271PR",625,"",""
"8271PR",10,"",""
"8271PR",4,"",""
"8271PR",1,"",""
"8271PR",8,"B",""
"8271PR",6,"",""
"8271PR",12,"",""
"8271PR",8,"A",""
"8271PR",8,"",""
"8271PR",10,"A",""
"8271PS",1,"F",""
"8271PS",1,"C",""
"8271PS",1,"D",""
"8271PS",3,"",""
"8271PS",5,"",""
"8271PS",13,"",""
"8271PS",3,"A",""
"8271PS",5,"A",""
"8271PS",1,"A",""
"8271PS",7,"",""
"8271PS",13,"A",""
"8271PS",7,"A",""
"8271PS",5,"",""
"8271PS",15,"",""
"8271PS",13,"A",""
"8271PS",19,"",""
"8271PS",17,"",""
"8271PS",13,"",""
"8271PS",9,"",""
"8271PS",1,"","TR"
"8271PS",11,"B",""
"8271PS",1,"E",""
"8271PS",13,"A",""
"8271PS",11,"","1"
"8271PS",23,"",""
"8271PS",45,"",""
"8271PS",19,"",""
"8271PS",17,"A",""
"8271PS",33,"",""
"8271PS",11,"A",""
"8271PS",35,"",""
"8271PS",5,"",""
"8271PS",11,"C",""
"8271PS",23,"A",""
"8271PS",1,"B",""
"8271PS",19,"",""
"8271PS",21,"A",""
"8271PS",37,"",""
"8271PS",1,"","TR"
"8271PS",53,"",""
"8271PS",11,"A",""
"8271PS",53,"A",""
"8271PS",25,"A",""
"8271PS",21,"",""
"8271PS",23,"A",""
"8271PS",39,"",""
"8271PS",31,"A",""
"8271PS",1,"",""
"8271PS",51,"","TR"
"8271PS",23,"A","TR"
"8271PS",41,"",""
"8271PS",47,"",""
"8271PS",31,"",""
"8271PS",13,"",""
"8271PS",51,"",""
"8271PS",35,"","TR"
"8271PS",49,"",""
"8271PS",11,"",""
"8271PS",29,"",""
"8271PS",43,"",""
"8271PS",27,"",""
"8271PS",25,"",""
"8271PS",49,"A",""
"8271PT",22,"A",""
"8271PT",30,"",""
"8271PT",12,"",""
"8271PT",2,"A",""
"8271PT",24,"B",""
"8271PT",2,"B",""
"8271PT",4,"",""
"8271PT",24,"",""
"8271PT",26,"",""
"8271PT",24,"A",""
"8271PT",22,"B",""
"8271PT",2,"",""
"8271PT",16,"",""
"8271PT",18,"A",""
"8271PT",4,"A",""
"8271PT",18,"","TR"
"8271PT",4,"A",""
"8271PT",18,"C",""
"8271PT",18,"",""
"8271PT",28,"",""
"8271PT",24,"A",""
"8271PT",22,"",""
"8271PT",20,"B",""
"8271PT",20,"",""
"8271PT",18,"B",""
"8271PT",20,"A",""
"8271PT",14,"",""
8271BA,Blekersdam,5,,1
8271AL,Burgemeester van Engelenweg,67,,13
8271AL,Burgemeester van Engelenweg,67,,12
8271AL,Burgemeester van Engelenweg,67,,11
8271AL,Burgemeester van Engelenweg,67,,10
8271AL,Burgemeester van Engelenweg,67,,09
8271AL,Burgemeester van Engelenweg,67,,08
8271AL,Burgemeester van Engelenweg,67,,07
8271AL,Burgemeester van Engelenweg,67,,06
8271AL,Burgemeester van Engelenweg,67,,05
8271AL,Burgemeester van Engelenweg,67,,04
8271AL,Burgemeester van Engelenweg,67,,03
8271AL,Burgemeester van Engelenweg,67,,02
8271AL,Burgemeester van Engelenweg,67,,01
8271AL,Burgemeester van Engelenweg,63,,
8271AL,Burgemeester van Engelenweg,61,,
8271AL,Burgemeester van Engelenweg,59,,
8271AL,Burgemeester van Engelenweg,83,,
8271AG,Lijnbaanstraat,30,,1
8271PT,Oosterholtseweg,24,A,
8271AE,Tuinstraat,1,,
8271JA,Aalbershof,38,,
8271JA,Aalbershof,2,,
8271JA,Aalbershof,4,,
8271JA,Aalbershof,24,,
8271JA,Aalbershof,30,,
8271JA,Aalbershof,22,,
8271JA,Aalbershof,32,,
8271JA,Aalbershof,34,,
8271JA,Aalbershof,36,,
8271JA,Aalbershof,26,,
8271JA,Aalbershof,28,,
8271JA,Aalbershof,20,,
8271JA,Aalbershof,18,,
8271JA,Aalbershof,16,,
8271JA,Aalbershof,14,,
8271JA,Aalbershof,12,,
8271JA,Aalbershof,10,,
8271JA,Aalbershof,8,,
8271JA,Aalbershof,6,,
8271JB,Aalbershof,21,,
8271JB,Aalbershof,19,,
8271JB,Aalbershof,17,,
8271JB,Aalbershof,15,,
8271JB,Aalbershof,23,,
8271JB,Aalbershof,13,,
8271JB,Aalbershof,25,,
8271JB,Aalbershof,11,,
8271JB,Aalbershof,5,,
8271JB,Aalbershof,3,,
8271JB,Aalbershof,1,,
8271JB,Aalbershof,27,,
8271JB,Aalbershof,7,,
8271JB,Aalbershof,9,,
8271BA,Blekersdam,3,,
8271BA,Blekersdam,5,,
8271BA,Blekersdam,7,,
8271BA,Blekersdam,9,,
8271BA,Blekersdam,11,,
8271BA,Blekersdam,4,,
8271BA,Blekersdam,2,,
8271BA,Blekersdam,6,,
8271BA,Blekersdam,13,,
8271AL,Burgemeester van Engelenweg,53,,
8271AL,Burgemeester van Engelenweg,51,,
8271AL,Burgemeester van Engelenweg,49,,
8271AL,Burgemeester van Engelenweg,47,,
8271AL,Burgemeester van Engelenweg,45,,
8271AL,Burgemeester van Engelenweg,43,,
8271AL,Burgemeester van Engelenweg,55,,
8271AL,Burgemeester van Engelenweg,57,,
8271AL,Burgemeester van Engelenweg,71,,
8271AL,Burgemeester van Engelenweg,73,,
8271AL,Burgemeester van Engelenweg,75,,
8271AL,Burgemeester van Engelenweg,77,,
8271AL,Burgemeester van Engelenweg,79,,
8271AL,Burgemeester van Engelenweg,81,,
8271AL,Burgemeester van Engelenweg,65,,
8271JC,de Akkers,10,,
8271JC,de Akkers,12,,
8271JC,de Akkers,14,,
8271JC,de Akkers,16,,
8271JC,de Akkers,18,,
8271JC,de Akkers,20,,
8271JC,de Akkers,22,,
8271JC,de Akkers,24,,
8271JC,de Akkers,26,,
8271JC,de Akkers,28,,
8271JC,de Akkers,1,,
8271JC,de Akkers,3,,
8271JC,de Akkers,15,,
8271JC,de Akkers,13,,
8271JC,de Akkers,11,,
8271JC,de Akkers,9,,
8271JC,de Akkers,7,,
8271JC,de Akkers,5,,
8271JC,de Akkers,8,,
8271JC,de Akkers,6,,
8271JC,de Akkers,4,,
8271JC,de Akkers,2,,
8271JD,de Bogaard,17,D,
8271JD,de Bogaard,17,C,
8271JD,de Bogaard,17,B,
8271JD,de Bogaard,17,A,
8271JD,de Bogaard,15,E,
8271JD,de Bogaard,15,D,
8271JD,de Bogaard,15,C,
8271JD,de Bogaard,15,B,
8271JD,de Bogaard,15,A,
8271JD,de Bogaard,43,,
8271JD,de Bogaard,41,,
8271JD,de Bogaard,39,,
8271JD,de Bogaard,37,,
8271JD,de Bogaard,35,,
8271JD,de Bogaard,33,,
8271JD,de Bogaard,31,,
8271JD,de Bogaard,29,,
8271JD,de Bogaard,27,,
8271JD,de Bogaard,25,,
8271JD,de Bogaard,21,,
8271JD,de Bogaard,19,,
8271JD,de Bogaard,17,,
8271JD,de Bogaard,15,,
8271JD,de Bogaard,13,,
8271JD,de Bogaard,11,,
8271JD,de Bogaard,9,,
8271JD,de Bogaard,7,,
8271JD,de Bogaard,5,,
8271JD,de Bogaard,3,,
8271JD,de Bogaard,1,,
8271JD,de Bogaard,45,,
8271JD,de Bogaard,47,,
8271JD,de Bogaard,23,,
8271JE,de Bogaard,16,,
8271JE,de Bogaard,18,,
8271JE,de Bogaard,20,,
8271JE,de Bogaard,22,,
8271JE,de Bogaard,14,,
8271JE,de Bogaard,12,,
8271JE,de Bogaard,10,,
8271JE,de Bogaard,8,,
8271JE,de Bogaard,6,,
8271JE,de Bogaard,4,,
8271JE,de Bogaard,2,,
8271JE,de Bogaard,24,,
8271JE,de Bogaard,26,,
8271JE,de Bogaard,28,,
8271JE,de Bogaard,30,,
8271JE,de Bogaard,32,,
8271JE,de Bogaard,34,,
8271JE,de Bogaard,36,,
8271AX,Kerkepad,4,,
8271AX,Kerkepad,2,B,
8271AX,Kerkepad,2,,
8271AX,Kerkepad,1,,
8271AX,Kerkepad,6,,
8271AX,Kerkepad,8,,
8271AG,Lijnbaanstraat,17,,
8271AG,Lijnbaanstraat,19,,
8271AG,Lijnbaanstraat,21,,
8271AG,Lijnbaanstraat,23,,
8271AG,Lijnbaanstraat,25,,
8271AG,Lijnbaanstraat,27,,
8271AG,Lijnbaanstraat,29,,
8271AG,Lijnbaanstraat,31,,
8271AG,Lijnbaanstraat,33,,
8271AG,Lijnbaanstraat,35,,
8271AG,Lijnbaanstraat,32,,
8271AG,Lijnbaanstraat,34,,
8271AG,Lijnbaanstraat,36,,
8271AG,Lijnbaanstraat,38,,
8271AG,Lijnbaanstraat,40,,
8271AG,Lijnbaanstraat,42,,
8271AG,Lijnbaanstraat,44,,
8271AG,Lijnbaanstraat,46,,
8271AG,Lijnbaanstraat,48,,
8271AG,Lijnbaanstraat,50,,
8271AG,Lijnbaanstraat,52,,
8271AG,Lijnbaanstraat,37,,
8271AG,Lijnbaanstraat,39,,
8271AG,Lijnbaanstraat,54,,
8271AG,Lijnbaanstraat,56,,
8271AG,Lijnbaanstraat,58,,
8271AG,Lijnbaanstraat,24,,
8271AG,Lijnbaanstraat,22,,
8271AG,Lijnbaanstraat,20,,
8271AG,Lijnbaanstraat,18,,
8271AG,Lijnbaanstraat,16,,
8271AG,Lijnbaanstraat,14,,
8271AG,Lijnbaanstraat,12,,
8271AG,Lijnbaanstraat,10,,
8271AG,Lijnbaanstraat,4,,
8271AG,Lijnbaanstraat,26,,
8271AG,Lijnbaanstraat,11,A,
8271AG,Lijnbaanstraat,30,,
8271AG,Lijnbaanstraat,13,,
8271AG,Lijnbaanstraat,15,,
8271AG,Lijnbaanstraat,2,,
8271AG,Lijnbaanstraat,3,,
8271AG,Lijnbaanstraat,6,,
8271AG,Lijnbaanstraat,8,,
8271AG,Lijnbaanstraat,5,,
8271AG,Lijnbaanstraat,7,,
8271PS,Oosterholtseweg,21,A,
8271PS,Oosterholtseweg,49,,
8271PS,Oosterholtseweg,51,,
8271PS,Oosterholtseweg,53,,
8271PS,Oosterholtseweg,41,,
8271PS,Oosterholtseweg,45,,
8271PS,Oosterholtseweg,37,,
8271PS,Oosterholtseweg,39,,
8271PS,Oosterholtseweg,35,,
8271PS,Oosterholtseweg,47,,
8271PS,Oosterholtseweg,43,,
8271PS,Oosterholtseweg,33,,
8271PS,Oosterholtseweg,25,A,
8271PS,Oosterholtseweg,25,,
8271PS,Oosterholtseweg,31,A,
8271PS,Oosterholtseweg,27,,
8271PS,Oosterholtseweg,31,,
8271PS,Oosterholtseweg,23,,
8271PS,Oosterholtseweg,21,,
8271PS,Oosterholtseweg,19,,
8271PS,Oosterholtseweg,23,A,
8271PS,Oosterholtseweg,11,A,
8271PS,Oosterholtseweg,11,B,
8271PS,Oosterholtseweg,3,A,
8271PS,Oosterholtseweg,5,,
8271PS,Oosterholtseweg,11,,
8271PS,Oosterholtseweg,9,,
8271PS,Oosterholtseweg,7,A,
8271PS,Oosterholtseweg,7,,
8271PS,Oosterholtseweg,5,A,
8271PS,Oosterholtseweg,3,,
8271PS,Oosterholtseweg,13,,
8271PS,Oosterholtseweg,17,,
8271PS,Oosterholtseweg,15,,
8271PS,Oosterholtseweg,17,A,
8271PT,Oosterholtseweg,26,,
8271PT,Oosterholtseweg,28,,
8271PT,Oosterholtseweg,30,,
8271PT,Oosterholtseweg,24,,
8271PT,Oosterholtseweg,2,,
8271PT,Oosterholtseweg,16,,
8271PT,Oosterholtseweg,18,,
8271PT,Oosterholtseweg,14,,
8271PT,Oosterholtseweg,4,A,
8271PT,Oosterholtseweg,12,,
8271PT,Oosterholtseweg,2,A,
8271PT,Oosterholtseweg,2,B,
8271PT,Oosterholtseweg,4,,
8271PT,Oosterholtseweg,18,B,
8271PT,Oosterholtseweg,18,A,
8271PT,Oosterholtseweg,18,C,
8271PT,Oosterholtseweg,22,A,
8271PT,Oosterholtseweg,22,,
8271PT,Oosterholtseweg,22,B,
8271ES,Oosterlandenweg,19,,
8271ES,Oosterlandenweg,21,,
8271ES,Oosterlandenweg,13,,
8271ES,Oosterlandenweg,15,,
8271ES,Oosterlandenweg,5,,
8271ES,Oosterlandenweg,3,,
8271ES,Oosterlandenweg,9,,
8271ES,Oosterlandenweg,7,,
8271AA,Trekvaart,45,,
8271AA,Trekvaart,47,,
8271AA,Trekvaart,51,,
8271AA,Trekvaart,43,,
8271AA,Trekvaart,41,,
8271AA,Trekvaart,39,,
8271AA,Trekvaart,37,,
8271AA,Trekvaart,35,,
8271AA,Trekvaart,33,,
8271AA,Trekvaart,27,,
8271AA,Trekvaart,25,,
8271AA,Trekvaart,23,,
8271AA,Trekvaart,19,,
8271AA,Trekvaart,17,,
8271AA,Trekvaart,15,,
8271AA,Trekvaart,13,,
8271AA,Trekvaart,11,,
8271AA,Trekvaart,9,,
8271AA,Trekvaart,7,,
8271AA,Trekvaart,5,,
8271AA,Trekvaart,3,,
8271AA,Trekvaart,1,,
8271AB,Trekvaart,85,,
8271AB,Trekvaart,91,,
8271AB,Trekvaart,79,A,
8271AB,Trekvaart,55,,
8271AB,Trekvaart,81,,
8271AB,Trekvaart,83,,
8271AB,Trekvaart,87,,
8271AB,Trekvaart,89,,
8271AB,Trekvaart,53,,
8271AB,Trekvaart,59,,
8271AB,Trekvaart,61,,
8271AB,Trekvaart,63,,
8271AB,Trekvaart,67,,
8271AB,Trekvaart,69,,
8271AB,Trekvaart,77,,
8271AB,Trekvaart,79,,
8271AB,Trekvaart,65,,
8271AB,Trekvaart,71,,
8271AB,Trekvaart,73,,
8271AB,Trekvaart,75,,
8271AC,Trekvaart,97,,
8271AC,Trekvaart,99,,
8271AC,Trekvaart,107,,
8271AC,Trekvaart,123,,
8271AC,Trekvaart,109,,
8271AC,Trekvaart,117,,
8271AC,Trekvaart,119,,
8271AC,Trekvaart,121,,
8271AC,Trekvaart,101,,
8271AC,Trekvaart,103,,
8271AC,Trekvaart,105,,
8271AC,Trekvaart,111,,
8271AC,Trekvaart,113,,
8271AC,Trekvaart,115,,
8271AC,Trekvaart,93,,
8271AC,Trekvaart,95,,
8271AD,Trekvaart,137,B,
8271AD,Trekvaart,139,,
8271AD,Trekvaart,125,,
8271AD,Trekvaart,127,,
8271AD,Trekvaart,129,,
8271AD,Trekvaart,131,,
8271AD,Trekvaart,137,,
8271AD,Trekvaart,133,,
8271AD,Trekvaart,135,,
8271AE,Tuinstraat,24,,
8271AE,Tuinstraat,18,,
8271AE,Tuinstraat,16,,
8271AE,Tuinstraat,10,,
8271AE,Tuinstraat,8,,
8271AE,Tuinstraat,6,,
8271AE,Tuinstraat,4,,
8271AE,Tuinstraat,17,,
8271AE,Tuinstraat,11,,
8271AE,Tuinstraat,2,,
8271AE,Tuinstraat,29,,
8271AE,Tuinstraat,14,,
8271AE,Tuinstraat,20,,
8271AE,Tuinstraat,9,,
8271AE,Tuinstraat,13,,
8271AE,Tuinstraat,15,,
8271AE,Tuinstraat,19,,
8271AE,Tuinstraat,21,,
8271AE,Tuinstraat,23,,
8271AE,Tuinstraat,12,,
8271AE,Tuinstraat,25,,
8271AE,Tuinstraat,27,,
8271PR,Weidestraat,8,A,
8271PR,Weidestraat,8,B,
8271PR,Weidestraat,1,,
8271PR,Weidestraat,12,,
8271PR,Weidestraat,10,,
8271PR,Weidestraat,4,,
8271PR,Weidestraat,6,,
8271PR,Weidestraat,8,,
8271PR,Weidestraat,2,,
8271AX,Kerkepad,2,,TR
8271PS,Oosterholtseweg,11,,1
8271PS,Oosterholtseweg,11,C,
8271PS,Oosterholtseweg,35,,TR
8271PS,Oosterholtseweg,51,,TR
8271PS,Oosterholtseweg,23,A,TR
8271AB,Trekvaart,61,,TR
8271AD,Trekvaart,137,,TR
8271BA,Blekersdam,5,A,
8271AL,Burgemeester van Engelenweg,71,,GR03
8271AL,Burgemeester van Engelenweg,71,,GR04
8271AL,Burgemeester van Engelenweg,71,,GR05
8271AL,Burgemeester van Engelenweg,71,,GR06
8271AL,Burgemeester van Engelenweg,71,,GR07
8271AL,Burgemeester van Engelenweg,71,,GR08
8271AL,Burgemeester van Engelenweg,71,,GR09
8271AL,Burgemeester van Engelenweg,71,,GR10
8271AL,Burgemeester van Engelenweg,67,,TR
8271AL,Burgemeester van Engelenweg,81,A,
8271JE,de Bogaard,2,,TR
8271AX,Kerkepad,1,,
8271AX,Kerkepad,3,,
8271AX,Kerkepad,5,,
8271AX,Kerkepad,7,,
8271AX,Kerkepad,9,,
8271AX,Kerkepad,11,,
8271AX,Kerkepad,13,,
8271AX,Kerkepad,15,,
8271AX,Kerkepad,17,,
8271AX,Kerkepad,19,,
8271AX,Kerkepad,21,,
8271AX,Kerkepad,23,,
8271AX,Kerkepad,25,,
8271AX,Kerkepad,27,,
8271AX,Kerkepad,29,,
8271AX,Kerkepad,31,,
8271AX,Kerkepad,33,,
8271AX,Kerkepad,35,,
8271AX,Kerkepad,37,,
8271AX,Kerkepad,39,,
8271AX,Kerkepad,41,,
8271AX,Kerkepad,43,,
8271AX,Kerkepad,45,,
8271AX,Kerkepad,47,,
8271AX,Kerkepad,49,,
8271AG,Lijnbaanstraat,11,,
8271AG,Lijnbaanstraat,28,,
8271PS,Oosterholtseweg,1,,TR
8271PS,Oosterholtseweg,1,,
8271PS,Oosterholtseweg,1,F,
8271PS,Oosterholtseweg,1,A,
8271PS,Oosterholtseweg,1,B,
8271PS,Oosterholtseweg,49,A,
8271PS,Oosterholtseweg,53,A,
8271PS,Oosterholtseweg,1,C,
8271PS,Oosterholtseweg,1,D,
8271PS,Oosterholtseweg,1,E,
8271PS,Oosterholtseweg,19,,
8271PS,Oosterholtseweg,13,A,
8271PS,Oosterholtseweg,13,,
8271PS,Oosterholtseweg,13,A,
8271PS,Oosterholtseweg,5,,
8271PT,Oosterholtseweg,18,,TR
8271PT,Oosterholtseweg,24,B,
8271PT,Oosterholtseweg,20,,
8271PT,Oosterholtseweg,20,A,
8271ES,Oosterlandenweg,11,,
8271ES,Oosterlandenweg,11,A,
8271ES,Oosterlandenweg,11,B,
8271ES,Oosterlandenweg,11,C,
8271ES,Oosterlandenweg,15,A,
8271ES,Oosterlandenweg,15,B,
8271PR,Reeveweg,625,,
8271AA,Trekvaart,49,,
8271AC,Trekvaart,119,A,
8271AD,Trekvaart,141,,
8271AE,Tuinstraat,3,,
8271AE,Tuinstraat,5,,
8271AE,Tuinstraat,7,,
8271AE,Tuinstraat,7,A,
8271AE,Tuinstraat,1,,
8271AE,Tuinstraat,1,A,
8271AE,Tuinstraat,1,B,
8271AE,Tuinstraat,1,C,
8271PR,Weidestraat,10,A,
8271JZ,Laanzicht,1,,
8271JZ,Laanzicht,3,,
8271JZ,Laanzicht,5,,
8271JZ,Laanzicht,7,,
8271JZ,Laanzicht,9,,
8271JZ,Laanzicht,11,,
8271JZ,Laanzicht,13,,
8271JZ,Laanzicht,15,,
8271JZ,Laanzicht,17,,
8271JZ,Laanzicht,19,,
8271JZ,Laanzicht,23,,
8271JZ,Laanzicht,25,,
8271JZ,Laanzicht,27,,
8271JZ,Laanzicht,29,,
8271JZ,Laanzicht,31,,
8271JZ,Laanzicht,33,,
8271JZ,Laanzicht,35,,
8271JZ,Laanzicht,37,,
8271JZ,Laanzicht,39,,
8271JZ,Laanzicht,41,,
8271JZ,Laanzicht,43,,
8271JZ,Laanzicht,45,,
8271JZ,Laanzicht,47,,
8271JZ,Laanzicht,49,,
8271JZ,Laanzicht,51,,
8271JZ,Laanzicht,53,,
8271JZ,Laanzicht,55,,
8271JZ,Laanzicht,57,,
8271JZ,Laanzicht,59,,
8271JZ,Laanzicht,61,,
8271JZ,Laanzicht,63,,
8271JZ,Laanzicht,65,,
8271JZ,Laanzicht,67,,
8271JZ,Laanzicht,69,,
8271JZ,Laanzicht,71,,
8271JZ,Laanzicht,73,,
8271JZ,Laanzicht,75,,
8271JZ,Laanzicht,77,,
8271JZ,Laanzicht,79,,
8271JZ,Laanzicht,81,,
8271JZ,Laanzicht,83,,
8271JZ,Laanzicht,85,,
8271JZ,Laanzicht,87,,
8271JZ,Laanzicht,89,,
8271JZ,Laanzicht,91,,
8271JZ,Laanzicht,93,,
8271JZ,Laanzicht,95,,
8271JZ,Laanzicht,97,,
8271LA,Jaagpad,11,,
8271LA,Jaagpad,13,,
8271LA,Jaagpad,22,,
8271LA,Jaagpad,20,,
8271LA,Jaagpad,24,,
8271LA,Jaagpad,22,,
8271LA,Jaagpad,16,,
8271LA,Jaagpad,10,,
8271LA,Jaagpad,12,,
8271LA,Jaagpad,14,,
8271LA,Jaagpad,29,,
8271LA,Jaagpad,31,,
8271LA,Jaagpad,33,,
8271LA,Jaagpad,35,,
8271LA,Jaagpad,55,,
8271LA,Jaagpad,57,,
8271LA,Jaagpad,59,,
8271LA,Jaagpad,61,,
8271LA,Jaagpad,63,,
8271LA,Jaagpad,1,,
8271LA,Jaagpad,3,,
8271LA,Jaagpad,36,,
8271LA,Jaagpad,38,,
8271LA,Jaagpad,30,,
8271LA,Jaagpad,5,,
8271LA,Jaagpad,7,,
8271LA,Jaagpad,9,,
8271LA,Jaagpad,26,,
8271LA,Jaagpad,18,,
8271LA,Jaagpad,37,,
8271LA,Jaagpad,39,,
8271LA,Jaagpad,41,,
8271LA,Jaagpad,43,,
8271LA,Jaagpad,45,,
8271LA,Jaagpad,47,,
8271LA,Jaagpad,49,,
8271LA,Jaagpad,51,,
8271LA,Jaagpad,53,,
8271LA,Jaagpad,34,A,
8271LA,Jaagpad,28,,
8271LA,Jaagpad,8,,
8271LA,Jaagpad,6,,
8271LA,Jaagpad,19,,
8271LA,Jaagpad,19,A,
8271LA,Jaagpad,34,,
8271LA,Jaagpad,21,,
8271LA,Jaagpad,23,,
8271LA,Jaagpad,25,,
8271LA,Jaagpad,27,,
8271LA,Jaagpad,15,,
8271LA,Jaagpad,17,,
8271LA,Jaagpad,2,,
8271LA,Jaagpad,2,,
8271LA,Jaagpad,4,,
8271LA,Jaagpad,24,,
8271LA,Jaagpad,32,,
8271LD,Trekschuit,2,,
8271LD,Trekschuit,4,,
8271LD,Trekschuit,6,,
8271LD,Trekschuit,8,,
8271LD,Trekschuit,10,,
8271LD,Trekschuit,12,,
8271LD,Trekschuit,1,,
8271LD,Trekschuit,3,,
8271LD,Trekschuit,5,,
8271LD,Trekschuit,7,,
8271LD,Trekschuit,9,,
8271LD,Trekschuit,11,,
8271LD,Trekschuit,13,,
8271LD,Trekschuit,15,,
8271LD,Trekschuit,17,,
8271LD,Trekschuit,19,,
8271LD,Trekschuit,21,,
8271LD,Trekschuit,23,,
8271LD,Trekschuit,14,,
8271LD,Trekschuit,16,,
8271LD,Trekschuit,18,,
8271LD,Trekschuit,20,,
8271LD,Trekschuit,22,,
8271LD,Trekschuit,24,,
8271LE,Herberg,2,,
8271LE,Herberg,4,,
8271LE,Herberg,6,,
8271LE,Herberg,8,,
8271LE,Herberg,10,,
8271LE,Herberg,12,,
8271LE,Herberg,1,,
8271LE,Herberg,3,,
8271LE,Herberg,5,,
8271LE,Herberg,7,,
8271LC,Turfschip,1,,
8271LC,Turfschip,36,,
8271LC,Turfschip,38,,
8271LC,Turfschip,24,,
8271LC,Turfschip,26,,
8271LC,Turfschip,28,,
8271LC,Turfschip,30,,
8271LC,Turfschip,32,,
8271LC,Turfschip,6,,
8271LC,Turfschip,8,,
8271LC,Turfschip,10,,
8271LC,Turfschip,12,,
8271LC,Turfschip,14,,
8271LC,Turfschip,14,A,
8271LC,Turfschip,5,,
8271LC,Turfschip,7,,
8271LC,Turfschip,16,,
8271LC,Turfschip,18,,
8271LC,Turfschip,40,,
8271LC,Turfschip,22,,
8271LC,Turfschip,3,,
8271LC,Turfschip,9,,
8271LC,Turfschip,11,,
8271LC,Turfschip,17,,
8271LC,Turfschip,19,,
8271LC,Turfschip,34,,
8271LC,Turfschip,13,,
8271LC,Turfschip,15,,
8271LC,Turfschip,20,,
8271LB,Lijnpad,2,,
8271LB,Lijnpad,19,,
8271LB,Lijnpad,21,,
8271LB,Lijnpad,23,,
8271LB,Lijnpad,25,,
8271LB,Lijnpad,27,,
8271LB,Lijnpad,29,,
8271LB,Lijnpad,31,,
8271LB,Lijnpad,33,,
8271LB,Lijnpad,35,,
8271LB,Lijnpad,37,,
8271LB,Lijnpad,39,,
8271LB,Lijnpad,41,,
8271LB,Lijnpad,43,,
8271LB,Lijnpad,45,,
8271LB,Lijnpad,47,,
8271LB,Lijnpad,49,,
8271LB,Lijnpad,1,,
8271LB,Lijnpad,3,,
8271LB,Lijnpad,5,,
8271LB,Lijnpad,7,,
8271LB,Lijnpad,9,,
8271LB,Lijnpad,11,,
8271LB,Lijnpad,13,,
8271LB,Lijnpad,15,,
8271LB,Lijnpad,17,,
8271LB,Lijnpad,81,,
8271LB,Lijnpad,83,,
8271LB,Lijnpad,85,,
8271LB,Lijnpad,87,,
8271LB,Lijnpad,8,,
8271LB,Lijnpad,10,,
8271LB,Lijnpad,55,,
8271LB,Lijnpad,57,,
8271LB,Lijnpad,59,,
8271LB,Lijnpad,61,,
8271LB,Lijnpad,63,,
8271LB,Lijnpad,65,,
8271LB,Lijnpad,67,,
8271LB,Lijnpad,69,,
8271LB,Lijnpad,71,,
8271LB,Lijnpad,4,,
8271LB,Lijnpad,6,,
8271LB,Lijnpad,51,,
8271LB,Lijnpad,53,,
8271LB,Lijnpad,73,,
8271LB,Lijnpad,75,,
8271LB,Lijnpad,77,,
8271LB,Lijnpad,79,,
8271LB,Lijnpad,12,,
8271LB,Lijnpad,14,,
8271LB,Lijnpad,16,,
8271LB,Lijnpad,18,,
8271LB,Lijnpad,20,,
8271LB,Lijnpad,22,,
8271LB,Lijnpad,24,,
8271LB,Lijnpad,26,,
8271LB,Lijnpad,28,,
8271LB,Lijnpad,34,,
8271LB,Lijnpad,36,,
8271LB,Lijnpad,38,,
8271LB,Lijnpad,40,,
8271LB,Lijnpad,42,,
8271LB,Lijnpad,44,,
8271LB,Lijnpad,46,,
8271LB,Lijnpad,48,,
8271LB,Lijnpad,50,,
8271LB,Lijnpad,52,,
8271LB,Lijnpad,54,,
8271LB,Lijnpad,56,,
8271LB,Lijnpad,30,,
8271LB,Lijnpad,32,,
8271LB,Lijnpad,58,,
8271LB,Lijnpad,60,,
8271LG,Paalkamp,1,,
8271LG,Paalkamp,3,,
8271LG,Paalkamp,5,,
8271LG,Paalkamp,7,,
8271LG,Paalkamp,9,,
8271LG,Paalkamp,11,,
8271LG,Paalkamp,13,,
8271LG,Paalkamp,15,,
8271LG,Paalkamp,2,,
8271LG,Paalkamp,4,,
8271LG,Paalkamp,10,,
8271LG,Paalkamp,6,,
8271LG,Paalkamp,8,,
8271LG,Paalkamp,18,,
8271LG,Paalkamp,28,,
8271LG,Paalkamp,16,,
8271LG,Paalkamp,28,,
8271LG,Paalkamp,24,,
8271LG,Paalkamp,26,,
8271LG,Paalkamp,14,,
8271LG,Paalkamp,22,,
8271LG,Paalkamp,20,,
8271LG,Paalkamp,12,,
8271LG,Paalkamp,12,,
8271LG,Paalkamp,4,,
8271LH,Hoge Vonderpad,17,,
8271LH,Hoge Vonderpad,6,,
8271LH,Hoge Vonderpad,8,,
8271LH,Hoge Vonderpad,21,,
8271LH,Hoge Vonderpad,2,,
8271LH,Hoge Vonderpad,4,,
8271LH,Hoge Vonderpad,10,,
8271LH,Hoge Vonderpad,12,,
8271LH,Hoge Vonderpad,19,,
8271LH,Hoge Vonderpad,14,,
8271LH,Hoge Vonderpad,9,,
8271LH,Hoge Vonderpad,1,,
8271LH,Hoge Vonderpad,3,,
8271LH,Hoge Vonderpad,7,,
8271LH,Hoge Vonderpad,5,,
8271LH,Hoge Vonderpad,16,,
8271LH,Hoge Vonderpad,5,,
8271LJ,Tolhek,42,,
8271LJ,Tolhek,44,,
8271LJ,Tolhek,46,,
8271LJ,Tolhek,48,,
8271LJ,Tolhek,50,,
8271LJ,Tolhek,12,,
8271LJ,Tolhek,14,,
8271LJ,Tolhek,1,,
8271LJ,Tolhek,2,,
8271LJ,Tolhek,4,,
8271LJ,Tolhek,10,,
8271LJ,Tolhek,5,,
8271LJ,Tolhek,7,,
8271LJ,Tolhek,3,,
8271LJ,Tolhek,16,,
8271LJ,Tolhek,18,,
8271LJ,Tolhek,20,,
8271LJ,Tolhek,22,,
8271LJ,Tolhek,24,,
8271LJ,Tolhek,26,,
8271LJ,Tolhek,28,,
8271LJ,Tolhek,30,,
8271LJ,Tolhek,32,,
8271LJ,Tolhek,34,,
8271LJ,Tolhek,36,,
8271LJ,Tolhek,38,,
8271LJ,Tolhek,40,,
8271LJ,Tolhek,6,,
8271LJ,Tolhek,8,,
8271LJ,Tolhek,82,,
8271LJ,Tolhek,52,,
8271LJ,Tolhek,54,,
8271LJ,Tolhek,56,,
8271LJ,Tolhek,58,,
8271LJ,Tolhek,60,,
8271LJ,Tolhek,62,,
8271LJ,Tolhek,64,,
8271LJ,Tolhek,66,,
8271LJ,Tolhek,68,,
8271LJ,Tolhek,84,,
8271LJ,Tolhek,84,,
8271LJ,Tolhek,70,,
8271LJ,Tolhek,72,,
8271LJ,Tolhek,74,,
8271LJ,Tolhek,76,,
8271LJ,Tolhek,78,,
8271LJ,Tolhek,86,,
8271LJ,Tolhek,80,,
8271LK,Veerschuit,2,,
8271LK,Veerschuit,4,,
8271LK,Veerschuit,6,,
8271LK,Veerschuit,8,,
8271LK,Veerschuit,5,,
8271LK,Veerschuit,7,,
8271LK,Veerschuit,9,,
8271LK,Veerschuit,11,,
8271LK,Veerschuit,17,,
8271LK,Veerschuit,19,,
8271LK,Veerschuit,21,,
8271LK,Veerschuit,23,,
8271LK,Veerschuit,25,,
8271LK,Veerschuit,10,,
8271LK,Veerschuit,12,,
8271LK,Veerschuit,14,,
8271LK,Veerschuit,16,,
8271LK,Veerschuit,1,,
8271LK,Veerschuit,3,,
8271LK,Veerschuit,13,,
8271LK,Veerschuit,15,,
8271LK,Veerschuit,18,,
8271LK,Veerschuit,20,,
8271LN,Tragel,14,,
8271LN,Tragel,9,,
8271LN,Tragel,18,,
8271LN,Tragel,16,,
8271LN,Tragel,11,,
8271LN,Tragel,13,,
8271LN,Tragel,1,,
8271LN,Tragel,3,,
8271LN,Tragel,5,,
8271LN,Tragel,7,,
8271LN,Tragel,28,,
8271LN,Tragel,30,,
8271LN,Tragel,32,,
8271LN,Tragel,34,,
8271LN,Tragel,36,,
8271LN,Tragel,10,,
8271LN,Tragel,12,,
8271LN,Tragel,15,,
8271LN,Tragel,17,,
8271LN,Tragel,6,,
8271LN,Tragel,8,,
8271LN,Tragel,19,,
8271LN,Tragel,21,,
8271LN,Tragel,20,,
8271LN,Tragel,22,,
8271LN,Tragel,24,,
8271LN,Tragel,26,,
8271LM,Rolpaal,2,,
8271LM,Rolpaal,4,,
8271LM,Rolpaal,6,,
8271LM,Rolpaal,8,,
8271LM,Rolpaal,1,,
8271LM,Rolpaal,3,,
8271LM,Rolpaal,9,,
8271LM,Rolpaal,10,,
8271LM,Rolpaal,12,,
8271LM,Rolpaal,5,,
8271LM,Rolpaal,10,,
8271LM,Rolpaal,7,,
8271LM,Rolpaal,11,,
8271LM,Rolpaal,13,,
8271LM,Rolpaal,14,,
8271LM,Rolpaal,16,,
8271LM,Rolpaal,18,,
8271LM,Rolpaal,20,,
8271LL,Praam,1,,
8271LL,Praam,2,,
8271LL,Praam,3,,
8271LL,Praam,4,,
8271LL,Praam,5,,
8271LL,Praam,6,,
8271LL,Praam,7,,
8271LL,Praam,8,,
8271JX,J.P.A. van Dierenlaan,2,,
8271JX,J.P.A. van Dierenlaan,4,,
8271JX,J.P.A. van Dierenlaan,6,,
8271JX,J.P.A. van Dierenlaan,8,,
8271JX,J.P.A. van Dierenlaan,10,,
8271JX,J.P.A. van Dierenlaan,12,,
8271JX,J.P.A. van Dierenlaan,14,,
8271JX,J.P.A. van Dierenlaan,16,,
8271JX,J.P.A. van Dierenlaan,18,,
8271JX,J.P.A. van Dierenlaan,20,,
8271JX,J.P.A. van Dierenlaan,22,,
8271JX,J.P.A. van Dierenlaan,24,,
8271JX,J.P.A. van Dierenlaan,26,,
8271JX,J.P.A. van Dierenlaan,28,,
8271JX,J.P.A. van Dierenlaan,30,,
8271JX,J.P.A. van Dierenlaan,32,,
8271JX,J.P.A. van Dierenlaan,34,,
8271JX,J.P.A. van Dierenlaan,1,,
8271JX,J.P.A. van Dierenlaan,3,,
8271JX,J.P.A. van Dierenlaan,5,,
8271JX,J.P.A. van Dierenlaan,7,,
8271JX,J.P.A. van Dierenlaan,9,,
8271JX,J.P.A. van Dierenlaan,11,,
8271JX,J.P.A. van Dierenlaan,13,,
8271JX,J.P.A. van Dierenlaan,15,,
8271JX,J.P.A. van Dierenlaan,17,,
8271JX,J.P.A. van Dierenlaan,19,,
8271JX,J.P.A. van Dierenlaan,21,,
8271JX,J.P.A. van Dierenlaan,23,,
8271JX,J.P.A. van Dierenlaan,25,,
8271JX,J.P.A. van Dierenlaan,27,,
8271JX,J.P.A. van Dierenlaan,29,,
8271JX,J.P.A. van Dierenlaan,31,,
8271JX,J.P.A. van Dierenlaan,33,,
8271JX,J.P.A. van Dierenlaan,35,,
8271JX,J.P.A. van Dierenlaan,37,,
8271JX,J.P.A. van Dierenlaan,39,,
8271JX,J.P.A. van Dierenlaan,41,,
8271JX,J.P.A. van Dierenlaan,43,,
8271JX,J.P.A. van Dierenlaan,45,,
8271JX,J.P.A. van Dierenlaan,47,,
8271JX,J.P.A. van Dierenlaan,49,,
8271JX,J.P.A. van Dierenlaan,51,,
8271JX,J.P.A. van Dierenlaan,53,,
8271JX,J.P.A. van Dierenlaan,36,,
8271AL,Burgemeester van Engelenweg,47,A,
8271AX,Kerkepad,2,A,
8271AX,Kerkepad,2,,
8271PS,Oosterholtseweg,29,,
8271PT,Oosterholtseweg,20,B,
8271JV,Schoonzicht,5,,
8271JV,Schoonzicht,7,,
8271JV,Schoonzicht,1,,
8271JV,Schoonzicht,3,,
