straat,huisnummer,huisletter,toevoeging,postcode,plaats
Van Limburg Stirumlaan,10,"","",3771CC,Barneveld
Groen van Prinstererlaan,11,"","",3771CC,Barneveld
Van Limburg Stirumlaan,12,"","",3771CC,Barneveld
Groen van Prinstererlaan,13,"","",3771CC,Barneveld
Van Limburg Stirumlaan,14,"","",3771CC,Barneveld
Groen van Prinstererlaan,15,"","",3771CC,Barneveld
Van Limburg Stirumlaan,16,"","",3771CC,Barneveld
Groen van Prinstererlaan,17,"","",3771CC,Barneveld
Groen van Prinstererlaan,19,"","",3771CC,Barneveld
Groen van Prinstererlaan,19,A,"",3771CC,Barneveld
Groen van Prinstererlaan,19,B,"",3771CC,Barneveld
Groen van Prinstererlaan,19,C,"",3771CC,Barneveld
Groen van Prinstererlaan,19,D,"",3771CC,Barneveld
Van Limburg Stirumlaan,2,"","",3771CC,Barneveld
Groen van Prinstererlaan,21,"","",3771CC,Barneveld
Groen van Prinstererlaan,23,"","",3771CC,Barneveld
Groen van Prinstererlaan,25,"","",3771CC,Barneveld
Groen van Prinstererlaan,27,"","",3771CC,Barneveld
Groen van Prinstererlaan,29,"","",3771CC,Barneveld
Groen van Prinstererlaan,29,A,"",3771CC,Barneveld
Groen van Prinstererlaan,29,B,"",3771CC,Barneveld
Groen van Prinstererlaan,29,C,"",3771CC,Barneveld
Groen van Prinstererlaan,3,"","",3771CC,Barneveld
Groen van Prinstererlaan,31,"","",3771CC,Barneveld
Groen van Prinstererlaan,31,A,"",3771CC,Barneveld
Groen van Prinstererlaan,31,B,"",3771CC,Barneveld
Groen van Prinstererlaan,31,C,"",3771CC,Barneveld
Groen van Prinstererlaan,31,D,"",3771CC,Barneveld
Groen van Prinstererlaan,31,E,"",3771CC,Barneveld
Groen van Prinstererlaan,33,"","",3771CC,Barneveld
Groen van Prinstererlaan,33,A,"",3771CC,Barneveld
Groen van Prinstererlaan,35,"","",3771CC,Barneveld
Groen van Prinstererlaan,37,"","",3771CC,Barneveld
Groen van Prinstererlaan,37,"","",3771CC,Barneveld
Groen van Prinstererlaan,39,"","",3771CC,Barneveld
Van Limburg Stirumlaan,4,"","",3771CC,Barneveld
Groen van Prinstererlaan,41,"","",3771CC,Barneveld
Groen van Prinstererlaan,41,A,"",3771CC,Barneveld
Groen van Prinstererlaan,41,B,"",3771CC,Barneveld
Groen van Prinstererlaan,41,C,"",3771CC,Barneveld
Groen van Prinstererlaan,41,D,"",3771CC,Barneveld
Groen van Prinstererlaan,41,E,"",3771CC,Barneveld
Groen van Prinstererlaan,41,G,"",3771CC,Barneveld
Groen van Prinstererlaan,41,H,"",3771CC,Barneveld
Groen van Prinstererlaan,41,J,"",3771CC,Barneveld
Groen van Prinstererlaan,41,K,"",3771CC,Barneveld
Groen van Prinstererlaan,45,"","",3771CC,Barneveld
Groen van Prinstererlaan,47,"","",3771CC,Barneveld
Groen van Prinstererlaan,47,"","",3771CC,Barneveld
Groen van Prinstererlaan,47,"","",3771CC,Barneveld
Groen van Prinstererlaan,47,A,"",3771CC,Barneveld
Groen van Prinstererlaan,47,B,"",3771CC,Barneveld
Groen van Prinstererlaan,47,C,"",3771CC,Barneveld
Groen van Prinstererlaan,47,D,"",3771CC,Barneveld
Groen van Prinstererlaan,47,E,"",3771CC,Barneveld
Groen van Prinstererlaan,47,F,"",3771CC,Barneveld
Groen van Prinstererlaan,47,G,"",3771CC,Barneveld
Groen van Prinstererlaan,47,G,"",3771CC,Barneveld
Groen van Prinstererlaan,47,H,"",3771CC,Barneveld
Groen van Prinstererlaan,49,"","",3771CC,Barneveld
Groen van Prinstererlaan,5,"","",3771CC,Barneveld
Groen van Prinstererlaan,51,"","",3771CC,Barneveld
Groen van Prinstererlaan,53,"","",3771CC,Barneveld
Groen van Prinstererlaan,55,"","",3771CC,Barneveld
Groen van Prinstererlaan,55,A,"",3771CC,Barneveld
Groen van Prinstererlaan,57,"","",3771CC,Barneveld
Van Limburg Stirumlaan,6,"","",3771CC,Barneveld
Groen van Prinstererlaan,61,"","",3771CC,Barneveld
Groen van Prinstererlaan,63,"","",3771CC,Barneveld
Groen van Prinstererlaan,65,"","",3771CC,Barneveld
Groen van Prinstererlaan,67,"","",3771CC,Barneveld
Groen van Prinstererlaan,67,"","",3771CC,Barneveld
Groen van Prinstererlaan,67,A,"",3771CC,Barneveld
Groen van Prinstererlaan,67,B,"",3771CC,Barneveld
Groen van Prinstererlaan,7,"","",3771CC,Barneveld
Van Limburg Stirumlaan,8,"","",3771CC,Barneveld
Groen van Prinstererlaan,9,"","",3771CC,Barneveld
Van Limburg Stirumlaan,1,"","",3771CD,Barneveld
Groen van Prinstererlaan,10,"","",3771CD,Barneveld
Van Limburg Stirumlaan,11,"","",3771CD,Barneveld
Groen van Prinstererlaan,12,"","",3771CD,Barneveld
Van Limburg Stirumlaan,13,"","",3771CD,Barneveld
Groen van Prinstererlaan,14,"","",3771CD,Barneveld
Groen van Prinstererlaan,16,"","",3771CD,Barneveld
Groen van Prinstererlaan,2,"","",3771CD,Barneveld
Groen van Prinstererlaan,2,"",01,3771CD,Barneveld
Van Limburg Stirumlaan,3,"","",3771CD,Barneveld
Groen van Prinstererlaan,4,"","",3771CD,Barneveld
Van Limburg Stirumlaan,5,"","",3771CD,Barneveld
Groen van Prinstererlaan,6,"","",3771CD,Barneveld
Van Limburg Stirumlaan,7,"","",3771CD,Barneveld
Groen van Prinstererlaan,8,"","",3771CD,Barneveld
Van Limburg Stirumlaan,9,"","",3771CD,Barneveld
Schoutenstraat,54,"","",3771CK,Barneveld
Schoutenstraat,56,"","",3771CK,Barneveld
Schoutenstraat,58,"","",3771CK,Barneveld
Schoutenstraat,60,"","",3771CK,Barneveld
Schoutenstraat,62,"","",3771CK,Barneveld
Schoutenstraat,62,"",01,3771CK,Barneveld
Schoutenstraat,64,"","",3771CK,Barneveld
Schoutenstraat,64,"",01,3771CK,Barneveld
Schoutenstraat,66,"","",3771CK,Barneveld
Schoutenstraat,66,"",01,3771CK,Barneveld
Schoutenstraat,68,"","",3771CK,Barneveld
Schoutenstraat,68,"",01,3771CK,Barneveld
Schoutenstraat,70,"","",3771CK,Barneveld
Schoutenstraat,70,"",01,3771CK,Barneveld
Schoutenstraat,70,"",02,3771CK,Barneveld
Schoutenstraat,70,"",03,3771CK,Barneveld
Schoutenstraat,70,"",04,3771CK,Barneveld
Schoutenstraat,70,A,"",3771CK,Barneveld
Schoutenstraat,70,B,"",3771CK,Barneveld
Schoutenstraat,70,C,"",3771CK,Barneveld
Schoutenstraat,70,D,"",3771CK,Barneveld
Schoutenstraat,72,"","",3771CK,Barneveld
Schoutenstraat,72,A,"",3771CK,Barneveld
Schoutenstraat,72,B,"",3771CK,Barneveld
Schoutenstraat,72,C,"",3771CK,Barneveld
Schoutenstraat,72,D,"",3771CK,Barneveld
Schoutenstraat,72,E,"",3771CK,Barneveld
Schoutenstraat,72,G,"",3771CK,Barneveld
Schoutenstraat,72,H,"",3771CK,Barneveld
Schoutenstraat,72,J,"",3771CK,Barneveld
Schoutenstraat,72,K,"",3771CK,Barneveld
Schoutenstraat,72,L,"",3771CK,Barneveld
Schoutenstraat,72,M,"",3771CK,Barneveld
Schoutenstraat,72,N,"",3771CK,Barneveld
Schoutenstraat,72,P,"",3771CK,Barneveld
Schoutenstraat,72,R,"",3771CK,Barneveld
Schoutenstraat,72,S,"",3771CK,Barneveld
Schoutenstraat,72,T,"",3771CK,Barneveld
Schoutenstraat,72,V,"",3771CK,Barneveld
Schoutenstraat,72,W,"",3771CK,Barneveld
Schoutenstraat,72,X,"",3771CK,Barneveld
Schoutenstraat,74,"","",3771CK,Barneveld
Schoutenstraat,76,"","",3771CK,Barneveld
Schoutenstraat,78,"","",3771CK,Barneveld
Schoutenstraat,100,"","",3771CL,Barneveld
Schoutenstraat,102,"","",3771CL,Barneveld
Schoutenstraat,102,A,"",3771CL,Barneveld
Schoutenstraat,104,"","",3771CL,Barneveld
Schoutenstraat,104,A,"",3771CL,Barneveld
Schoutenstraat,106,"","",3771CL,Barneveld
Schoutenstraat,106,"","",3771CL,Barneveld
Schoutenstraat,106,A,"",3771CL,Barneveld
Schoutenstraat,106,B,"",3771CL,Barneveld
Schoutenstraat,108,"","",3771CL,Barneveld
Schoutenstraat,110,"","",3771CL,Barneveld
Schoutenstraat,112,"","",3771CL,Barneveld
Schoutenstraat,114,"","",3771CL,Barneveld
Schoutenstraat,116,"","",3771CL,Barneveld
Schoutenstraat,118,"","",3771CL,Barneveld
Schoutenstraat,120,"","",3771CL,Barneveld
Schoutenstraat,120,"","",3771CL,Barneveld
Schoutenstraat,120,"","",3771CL,Barneveld
Schoutenstraat,122,"","",3771CL,Barneveld
Schoutenstraat,122,"","",3771CL,Barneveld
Schoutenstraat,124,"","",3771CL,Barneveld
Schoutenstraat,126,"","",3771CL,Barneveld
Schoutenstraat,80,"","",3771CL,Barneveld
Schoutenstraat,82,"","",3771CL,Barneveld
Schoutenstraat,82,A,"",3771CL,Barneveld
Schoutenstraat,84,"","",3771CL,Barneveld
Schoutenstraat,86,"","",3771CL,Barneveld
Schoutenstraat,88,"","",3771CL,Barneveld
Schoutenstraat,88,A,"",3771CL,Barneveld
Schoutenstraat,88,B,"",3771CL,Barneveld
Schoutenstraat,88,C,"",3771CL,Barneveld
Schoutenstraat,88,D,"",3771CL,Barneveld
Schoutenstraat,90,"","",3771CL,Barneveld
Schoutenstraat,92,"","",3771CL,Barneveld
Schoutenstraat,92,A,"",3771CL,Barneveld
Schoutenstraat,94,"","",3771CL,Barneveld
Schoutenstraat,94,A,"",3771CL,Barneveld
Schoutenstraat,96,"","",3771CL,Barneveld
Beekstraat,1,"","",3771CM,Barneveld
Beekstraat,13,"","",3771CM,Barneveld
Beekstraat,15,"","",3771CM,Barneveld
Beekstraat,17,"","",3771CM,Barneveld
Beekstraat,19,"","",3771CM,Barneveld
Beekstraat,21,"","",3771CM,Barneveld
Beekstraat,23,"","",3771CM,Barneveld
Beekstraat,25,"","",3771CM,Barneveld
Beekstraat,27,"","",3771CM,Barneveld
Beekstraat,29,"","",3771CM,Barneveld
Beekstraat,3,"","",3771CM,Barneveld
Beekstraat,3,"","",3771CM,Barneveld
Beekstraat,31,"","",3771CM,Barneveld
Beekstraat,33,"","",3771CM,Barneveld
Beekstraat,35,"","",3771CM,Barneveld
Beekstraat,37,"","",3771CM,Barneveld
Beekstraat,39,"","",3771CM,Barneveld
Beekstraat,41,"","",3771CM,Barneveld
Beekstraat,43,"","",3771CM,Barneveld
Beekstraat,45,"","",3771CM,Barneveld
Beekstraat,47,"","",3771CM,Barneveld
Beekstraat,49,"","",3771CM,Barneveld
Beekstraat,5,"","",3771CM,Barneveld
Beekstraat,51,"","",3771CM,Barneveld
Beekstraat,53,"","",3771CM,Barneveld
Beekstraat,55,"","",3771CM,Barneveld
Beekstraat,7,"","",3771CM,Barneveld
Beekstraat,9,"","",3771CM,Barneveld
Beekstraat,10,"","",3771CN,Barneveld
Beekstraat,10,"",01,3771CN,Barneveld
Beekstraat,12,"","",3771CN,Barneveld
Beekstraat,18,"","",3771CN,Barneveld
Beekstraat,2,"","",3771CN,Barneveld
Beekstraat,20,"","",3771CN,Barneveld
Beekstraat,22,"","",3771CN,Barneveld
Beekstraat,22,A,"",3771CN,Barneveld
Beekstraat,24,"","",3771CN,Barneveld
Beekstraat,26,"","",3771CN,Barneveld
Beekstraat,26,A,"",3771CN,Barneveld
Beekstraat,28,"","",3771CN,Barneveld
Beekstraat,4,"","",3771CN,Barneveld
Beekstraat,6,"","",3771CN,Barneveld
Beekstraat,6,"",01,3771CN,Barneveld
Beekstraat,8,"","",3771CN,Barneveld
Van Hogendorplaan,1,"","",3771CP,Barneveld
Van Hogendorplaan,10,"","",3771CP,Barneveld
Van Hogendorplaan,11,"","",3771CP,Barneveld
Van Hogendorplaan,12,"","",3771CP,Barneveld
Van Hogendorplaan,13,"","",3771CP,Barneveld
Van Hogendorplaan,14,"","",3771CP,Barneveld
Van Hogendorplaan,15,"","",3771CP,Barneveld
Van Hogendorplaan,16,"","",3771CP,Barneveld
Van Hogendorplaan,17,"","",3771CP,Barneveld
Van Hogendorplaan,18,"","",3771CP,Barneveld
Van Hogendorplaan,18,"",01,3771CP,Barneveld
Van Hogendorplaan,18,"",02,3771CP,Barneveld
Van Hogendorplaan,18,"",03,3771CP,Barneveld
Van Hogendorplaan,18,"",04,3771CP,Barneveld
Van Hogendorplaan,18,"",05,3771CP,Barneveld
Van Hogendorplaan,18,"",06,3771CP,Barneveld
Van Hogendorplaan,18,"",07,3771CP,Barneveld
Van Hogendorplaan,18,"",08,3771CP,Barneveld
Van Hogendorplaan,18,"",09,3771CP,Barneveld
Van Hogendorplaan,18,"",10,3771CP,Barneveld
Van Hogendorplaan,18,"",11,3771CP,Barneveld
Van Hogendorplaan,18,"",12,3771CP,Barneveld
Van Hogendorplaan,18,"",13,3771CP,Barneveld
Van Hogendorplaan,18,"",14,3771CP,Barneveld
Van Hogendorplaan,18,"",15,3771CP,Barneveld
Van Hogendorplaan,18,"",16,3771CP,Barneveld
Van Hogendorplaan,18,"",17,3771CP,Barneveld
Van Hogendorplaan,19,"","",3771CP,Barneveld
Van Hogendorplaan,2,"","",3771CP,Barneveld
Van Hogendorplaan,20,"","",3771CP,Barneveld
Van Hogendorplaan,21,"","",3771CP,Barneveld
Van Hogendorplaan,22,"","",3771CP,Barneveld
Van Hogendorplaan,23,"","",3771CP,Barneveld
Van Hogendorplaan,24,"","",3771CP,Barneveld
Van Hogendorplaan,25,"","",3771CP,Barneveld
Van Hogendorplaan,25,"","",3771CP,Barneveld
Van Hogendorplaan,26,"","",3771CP,Barneveld
Van Hogendorplaan,27,"","",3771CP,Barneveld
Van Hogendorplaan,27,"","",3771CP,Barneveld
Van Hogendorplaan,28,"","",3771CP,Barneveld
Van Hogendorplaan,29,"","",3771CP,Barneveld
Van Hogendorplaan,3,"","",3771CP,Barneveld
Van Hogendorplaan,3,"","",3771CP,Barneveld
Van Hogendorplaan,30,"","",3771CP,Barneveld
Van Hogendorplaan,4,"","",3771CP,Barneveld
Van Hogendorplaan,5,"","",3771CP,Barneveld
Van Hogendorplaan,6,"","",3771CP,Barneveld
Van Hogendorplaan,7,"","",3771CP,Barneveld
Van Hogendorplaan,7,"","",3771CP,Barneveld
Van Hogendorplaan,8,"","",3771CP,Barneveld
Van Hogendorplaan,9,"","",3771CP,Barneveld
Van Hogendorplaan,9,"","",3771CP,Barneveld
Van Hogendorplaan,9,A,"",3771CP,Barneveld
Van Hogendorplaan,34,"","",3771CR,Barneveld
Van Hogendorplaan,36,"","",3771CR,Barneveld
Van Hogendorplaan,38,"","",3771CR,Barneveld
Van Hogendorplaan,40,"","",3771CR,Barneveld
Van Hogendorplaan,42,"","",3771CR,Barneveld
Van Hogendorplaan,44,"","",3771CR,Barneveld
Van Hogendorplaan,46,"","",3771CR,Barneveld
Van Hogendorplaan,48,"","",3771CR,Barneveld
Van Hogendorplaan,50,"","",3771CR,Barneveld
Van Hogendorplaan,52,"","",3771CR,Barneveld
Van Hogendorplaan,54,"","",3771CR,Barneveld
Dr. Kuyperlaan,1,"","",3771CS,Barneveld
Dr. Kuyperlaan,10,"","",3771CS,Barneveld
Dr. Kuyperlaan,10,"","",3771CS,Barneveld
Dr. Kuyperlaan,13,"","",3771CS,Barneveld
Dr. Kuyperlaan,15,"","",3771CS,Barneveld
Dr. Kuyperlaan,15,A,"",3771CS,Barneveld
Dr. Kuyperlaan,15,B,"",3771CS,Barneveld
Dr. Kuyperlaan,17,"","",3771CS,Barneveld
Dr. Kuyperlaan,19,"","",3771CS,Barneveld
Dr. Kuyperlaan,2,"","",3771CS,Barneveld
Dr. Kuyperlaan,21,"","",3771CS,Barneveld
Dr. Kuyperlaan,23,"","",3771CS,Barneveld
Dr. Kuyperlaan,25,"","",3771CS,Barneveld
Dr. Kuyperlaan,27,"","",3771CS,Barneveld
Dr. Kuyperlaan,29,"","",3771CS,Barneveld
Dr. Kuyperlaan,3,"","",3771CS,Barneveld
Dr. Kuyperlaan,31,"","",3771CS,Barneveld
Dr. Kuyperlaan,33,"","",3771CS,Barneveld
Dr. Kuyperlaan,5,"","",3771CS,Barneveld
Dr. Kuyperlaan,7,"","",3771CS,Barneveld
Dr. Kuyperlaan,9,"","",3771CS,Barneveld
Van Houtenlaan,1,"","",3771CT,Barneveld
Van Houtenlaan,10,"","",3771CT,Barneveld
Van Houtenlaan,12,"","",3771CT,Barneveld
Van Houtenlaan,14,"","",3771CT,Barneveld
Van Houtenlaan,16,"","",3771CT,Barneveld
Van Houtenlaan,18,"","",3771CT,Barneveld
Van Houtenlaan,2,"","",3771CT,Barneveld
Van Houtenlaan,2,"","",3771CT,Barneveld
Van Houtenlaan,20,"","",3771CT,Barneveld
Van Houtenlaan,22,"","",3771CT,Barneveld
Van Houtenlaan,24,"","",3771CT,Barneveld
Van Houtenlaan,26,"","",3771CT,Barneveld
Van Houtenlaan,28,"","",3771CT,Barneveld
Van Houtenlaan,3,"","",3771CT,Barneveld
Van Houtenlaan,3,"","",3771CT,Barneveld
Van Houtenlaan,4,"","",3771CT,Barneveld
Van Houtenlaan,6,"","",3771CT,Barneveld
Van Houtenlaan,7,"","",3771CT,Barneveld
Van Houtenlaan,8,"","",3771CT,Barneveld
Van Houtenlaan,9,"","",3771CT,Barneveld
Duinkerken,1,"","",3771CV,Barneveld
Duinkerken,11,"","",3771CV,Barneveld
Duinkerken,13,"","",3771CV,Barneveld
Duinkerken,15,"","",3771CV,Barneveld
Duinkerken,17,"","",3771CV,Barneveld
Duinkerken,19,"","",3771CV,Barneveld
Duinkerken,21,"","",3771CV,Barneveld
Duinkerken,23,"","",3771CV,Barneveld
Duinkerken,3,"","",3771CV,Barneveld
Duinkerken,5,"","",3771CV,Barneveld
Duinkerken,7,"","",3771CV,Barneveld
Duinkerken,9,"","",3771CV,Barneveld
Duinkerken,25,"","",3771CW,Barneveld
Duinkerken,27,"","",3771CW,Barneveld
Duinkerken,29,"","",3771CW,Barneveld
Duinkerken,31,"","",3771CW,Barneveld
Duinkerken,33,"","",3771CW,Barneveld
Duinkerken,35,"","",3771CW,Barneveld
Duinkerken,37,"","",3771CW,Barneveld
Duinkerken,39,"","",3771CW,Barneveld
Duinkerken,41,"","",3771CW,Barneveld
Duinkerken,43,"","",3771CW,Barneveld
Duinkerken,45,"","",3771CW,Barneveld
Duinkerken,47,"","",3771CW,Barneveld
Duinkerken,49,"","",3771CW,Barneveld
Duinkerken,51,"","",3771CW,Barneveld
Duinkerken,53,"","",3771CW,Barneveld
Duinkerken,55,"","",3771CW,Barneveld
Duinkerken,57,"","",3771CW,Barneveld
Duinkerken,59,"","",3771CW,Barneveld
Duinkerken,10,"","",3771CX,Barneveld
Duinkerken,12,"","",3771CX,Barneveld
Duinkerken,14,"","",3771CX,Barneveld
Duinkerken,16,"","",3771CX,Barneveld
Duinkerken,18,"","",3771CX,Barneveld
Duinkerken,2,"","",3771CX,Barneveld
Duinkerken,20,"","",3771CX,Barneveld
Duinkerken,22,"","",3771CX,Barneveld
Duinkerken,24,"","",3771CX,Barneveld
Duinkerken,26,"","",3771CX,Barneveld
Duinkerken,4,"","",3771CX,Barneveld
Duinkerken,6,"","",3771CX,Barneveld
Duinkerken,8,"","",3771CX,Barneveld
Duinkerken,28,"","",3771CZ,Barneveld
Duinkerken,30,"","",3771CZ,Barneveld
Duinkerken,32,"","",3771CZ,Barneveld
Duinkerken,34,"","",3771CZ,Barneveld
Duinkerken,36,"","",3771CZ,Barneveld
Duinkerken,38,"","",3771CZ,Barneveld
Duinkerken,40,"","",3771CZ,Barneveld
Duinkerken,42,"","",3771CZ,Barneveld
Duinkerken,44,"","",3771CZ,Barneveld
Duinkerken,46,"","",3771CZ,Barneveld
Duinkerken,48,"","",3771CZ,Barneveld
Duinkerken,50,"","",3771CZ,Barneveld
Duinkerken,52,"","",3771CZ,Barneveld
Duinkerken,54,"","",3771CZ,Barneveld
Duinkerken,56,"","",3771CZ,Barneveld
Duinkerken,58,"","",3771CZ,Barneveld
Duinkerken,60,"","",3771CZ,Barneveld
Duinkerken,62,"","",3771CZ,Barneveld
Duinkerken,64,"","",3771CZ,Barneveld
Duinkerken,66,"","",3771CZ,Barneveld
Thorbeckelaan,1,"","",3771EA,Barneveld
Thorbeckelaan,1,A,"",3771EA,Barneveld
Thorbeckelaan,1,B,"",3771EA,Barneveld
Thorbeckelaan,1,C,"",3771EA,Barneveld
Thorbeckelaan,1,D,"",3771EA,Barneveld
Thorbeckelaan,1,E,"",3771EA,Barneveld
Thorbeckelaan,1,F,"",3771EA,Barneveld
Thorbeckelaan,1,G,"",3771EA,Barneveld
Thorbeckelaan,1,K,"",3771EA,Barneveld
Thorbeckelaan,1,L,"",3771EA,Barneveld
Thorbeckelaan,1,M,"",3771EA,Barneveld
Thorbeckelaan,1,N,"",3771EA,Barneveld
Thorbeckelaan,11,"","",3771EA,Barneveld
Thorbeckelaan,15,"","",3771EA,Barneveld
Thorbeckelaan,17,"","",3771EA,Barneveld
Thorbeckelaan,19,"","",3771EA,Barneveld
Thorbeckelaan,5,"","",3771EA,Barneveld
Thorbeckelaan,7,"","",3771EA,Barneveld
Thorbeckelaan,9,"","",3771EA,Barneveld
Thorbeckelaan,21,"","",3771EB,Barneveld
Thorbeckelaan,23,"","",3771EB,Barneveld
Thorbeckelaan,25,"","",3771EB,Barneveld
Thorbeckelaan,27,"","",3771EB,Barneveld
Thorbeckelaan,29,"","",3771EB,Barneveld
Thorbeckelaan,31,"","",3771EB,Barneveld
Thorbeckelaan,35,"","",3771EB,Barneveld
Thorbeckelaan,37,"","",3771EB,Barneveld
Thorbeckelaan,39,"","",3771EB,Barneveld
Thorbeckelaan,41,"","",3771EC,Barneveld
Thorbeckelaan,43,"","",3771EC,Barneveld
Thorbeckelaan,45,"","",3771EC,Barneveld
Thorbeckelaan,47,"","",3771EC,Barneveld
Thorbeckelaan,49,"","",3771EC,Barneveld
Thorbeckelaan,51,"","",3771EC,Barneveld
Thorbeckelaan,53,"","",3771EC,Barneveld
Thorbeckelaan,69,"","",3771EC,Barneveld
Thorbeckelaan,71,"","",3771EC,Barneveld
Thorbeckelaan,73,"","",3771EC,Barneveld
Thorbeckelaan,75,"","",3771EC,Barneveld
Thorbeckelaan,75,"","",3771EC,Barneveld
Thorbeckelaan,75,"","",3771EC,Barneveld
Thorbeckelaan,77,"","",3771EC,Barneveld
Thorbeckelaan,79,"","",3771EC,Barneveld
Thorbeckelaan,10,"","",3771EG,Barneveld
Thorbeckelaan,12,"","",3771EG,Barneveld
Thorbeckelaan,14,"","",3771EG,Barneveld
Thorbeckelaan,14,"",01,3771EG,Barneveld
Thorbeckelaan,16,"","",3771EG,Barneveld
Thorbeckelaan,16,A,"",3771EG,Barneveld
Thorbeckelaan,18,"","",3771EG,Barneveld
Thorbeckelaan,20,"","",3771EG,Barneveld
Thorbeckelaan,22,"","",3771EG,Barneveld
Thorbeckelaan,22,A,"",3771EG,Barneveld
Thorbeckelaan,22,A,"",3771EG,Barneveld
Thorbeckelaan,22,B,"",3771EG,Barneveld
Thorbeckelaan,22,C,"",3771EG,Barneveld
Thorbeckelaan,22,D,"",3771EG,Barneveld
Thorbeckelaan,22,E,"",3771EG,Barneveld
Thorbeckelaan,22,G,"",3771EG,Barneveld
Thorbeckelaan,22,H,"",3771EG,Barneveld
Thorbeckelaan,24,"","",3771EH,Barneveld
Thorbeckelaan,26,"","",3771EH,Barneveld
Thorbeckelaan,28,"","",3771EH,Barneveld
Thorbeckelaan,30,"","",3771EH,Barneveld
Thorbeckelaan,34,"","",3771EH,Barneveld
Thorbeckelaan,38,"","",3771EH,Barneveld
Thorbeckelaan,40,"","",3771EJ,Barneveld
Thorbeckelaan,42,"","",3771EJ,Barneveld
Thorbeckelaan,44,"","",3771EJ,Barneveld
Thorbeckelaan,46,"","",3771EJ,Barneveld
Thorbeckelaan,48,"","",3771EJ,Barneveld
Thorbeckelaan,50,"","",3771EJ,Barneveld
Thorbeckelaan,52,"","",3771EJ,Barneveld
Thorbeckelaan,54,"","",3771EJ,Barneveld
Thorbeckelaan,54,"","",3771EJ,Barneveld
Thorbeckelaan,56,"","",3771EJ,Barneveld
Thorbeckelaan,58,"","",3771EJ,Barneveld
Thorbeckelaan,60,"","",3771EJ,Barneveld
Thorbeckelaan,62,"","",3771EJ,Barneveld
Gasthuisstraat,1,"","",3771HE,Barneveld
Gasthuisstraat,1,A,"",3771HE,Barneveld
Gasthuisstraat,1,B,"",3771HE,Barneveld
Gasthuisstraat,1,C,"",3771HE,Barneveld
Gasthuisstraat,1,D,"",3771HE,Barneveld
Gasthuisstraat,1,E,"",3771HE,Barneveld
Gasthuisstraat,11,"","",3771HE,Barneveld
Gasthuisstraat,12,A,"",3771HE,Barneveld
Gasthuisstraat,12,B,"",3771HE,Barneveld
Gasthuisstraat,13,"","",3771HE,Barneveld
Gasthuisstraat,13,A,"",3771HE,Barneveld
Gasthuisstraat,14,"","",3771HE,Barneveld
Gasthuisstraat,15,"","",3771HE,Barneveld
Gasthuisstraat,16,"","",3771HE,Barneveld
Gasthuisstraat,18,"","",3771HE,Barneveld
Gasthuisstraat,2,"","",3771HE,Barneveld
Gasthuisstraat,2,A,"",3771HE,Barneveld
Gasthuisstraat,2,B,"",3771HE,Barneveld
Gasthuisstraat,2,C,"",3771HE,Barneveld
Gasthuisstraat,2,D,"",3771HE,Barneveld
Gasthuisstraat,2,E,"",3771HE,Barneveld
Gasthuisstraat,2,E,"",3771HE,Barneveld
Gasthuisstraat,20,"","",3771HE,Barneveld
Gasthuisstraat,22,"","",3771HE,Barneveld
Gasthuisstraat,24,"","",3771HE,Barneveld
Gasthuisstraat,26,"","",3771HE,Barneveld
Gasthuisstraat,28,"","",3771HE,Barneveld
Gasthuisstraat,3,"","",3771HE,Barneveld
Gasthuisstraat,3,A,"",3771HE,Barneveld
Gasthuisstraat,3,B,"",3771HE,Barneveld
Gasthuisstraat,3,C,"",3771HE,Barneveld
Gasthuisstraat,3,D,"",3771HE,Barneveld
Gasthuisstraat,3,E,"",3771HE,Barneveld
Gasthuisstraat,3,F,"",3771HE,Barneveld
Gasthuisstraat,3,G,"",3771HE,Barneveld
Gasthuisstraat,30,"","",3771HE,Barneveld
Gasthuisstraat,32,"","",3771HE,Barneveld
Gasthuisstraat,34,"","",3771HE,Barneveld
Gasthuisstraat,36,"","",3771HE,Barneveld
Gasthuisstraat,38,"","",3771HE,Barneveld
Gasthuisstraat,4,"","",3771HE,Barneveld
Gasthuisstraat,4,"","",3771HE,Barneveld
Gasthuisstraat,4,"","",3771HE,Barneveld
Gasthuisstraat,4,A,"",3771HE,Barneveld
Gasthuisstraat,4,B,"",3771HE,Barneveld
Gasthuisstraat,4,C,"",3771HE,Barneveld
Gasthuisstraat,4,D,"",3771HE,Barneveld
Gasthuisstraat,4,E,"",3771HE,Barneveld
Gasthuisstraat,4,G,"",3771HE,Barneveld
Gasthuisstraat,4,H,"",3771HE,Barneveld
Gasthuisstraat,40,"","",3771HE,Barneveld
Gasthuisstraat,5,"","",3771HE,Barneveld
Gasthuisstraat,6,"","",3771HE,Barneveld
Gasthuisstraat,8,"","",3771HE,Barneveld
Gasthuisstraat,8,A,"",3771HE,Barneveld
Verlooplaan,1,"","",3771HG,Barneveld
Verlooplaan,10,"","",3771HG,Barneveld
Verlooplaan,11,"","",3771HG,Barneveld
Verlooplaan,12,"","",3771HG,Barneveld
Verlooplaan,12,"",01,3771HG,Barneveld
Verlooplaan,13,"","",3771HG,Barneveld
Verlooplaan,14,"","",3771HG,Barneveld
Verlooplaan,15,"","",3771HG,Barneveld
Verlooplaan,16,"","",3771HG,Barneveld
Verlooplaan,17,"","",3771HG,Barneveld
Verlooplaan,18,"","",3771HG,Barneveld
Verlooplaan,19,"","",3771HG,Barneveld
Verlooplaan,2,"","",3771HG,Barneveld
Verlooplaan,21,"","",3771HG,Barneveld
Verlooplaan,23,"","",3771HG,Barneveld
Verlooplaan,27,"","",3771HG,Barneveld
Verlooplaan,3,"","",3771HG,Barneveld
Verlooplaan,4,"","",3771HG,Barneveld
Verlooplaan,5,"","",3771HG,Barneveld
Verlooplaan,6,"","",3771HG,Barneveld
Verlooplaan,8,"","",3771HG,Barneveld
Verlooplaan,9,"","",3771HG,Barneveld
De Savornin Lohmanlaan,1,"","",3771HH,Barneveld
De Savornin Lohmanlaan,10,"","",3771HH,Barneveld
De Savornin Lohmanlaan,11,"","",3771HH,Barneveld
De Savornin Lohmanlaan,12,"","",3771HH,Barneveld
De Savornin Lohmanlaan,12,"",BIS,3771HH,Barneveld
De Savornin Lohmanlaan,13,"","",3771HH,Barneveld
De Savornin Lohmanlaan,14,"","",3771HH,Barneveld
De Savornin Lohmanlaan,15,"","",3771HH,Barneveld
De Savornin Lohmanlaan,16,"","",3771HH,Barneveld
De Savornin Lohmanlaan,18,"","",3771HH,Barneveld
De Savornin Lohmanlaan,2,"","",3771HH,Barneveld
De Savornin Lohmanlaan,20,"","",3771HH,Barneveld
De Savornin Lohmanlaan,21,"","",3771HH,Barneveld
De Savornin Lohmanlaan,22,"","",3771HH,Barneveld
De Savornin Lohmanlaan,23,"","",3771HH,Barneveld
De Savornin Lohmanlaan,24,"","",3771HH,Barneveld
De Savornin Lohmanlaan,25,"","",3771HH,Barneveld
De Savornin Lohmanlaan,26,"","",3771HH,Barneveld
De Savornin Lohmanlaan,27,"","",3771HH,Barneveld
De Savornin Lohmanlaan,28,"","",3771HH,Barneveld
De Savornin Lohmanlaan,29,"","",3771HH,Barneveld
De Savornin Lohmanlaan,3,"","",3771HH,Barneveld
De Savornin Lohmanlaan,30,"","",3771HH,Barneveld
De Savornin Lohmanlaan,31,"","",3771HH,Barneveld
De Savornin Lohmanlaan,33,"","",3771HH,Barneveld
De Savornin Lohmanlaan,35,"","",3771HH,Barneveld
De Savornin Lohmanlaan,4,"","",3771HH,Barneveld
De Savornin Lohmanlaan,5,"","",3771HH,Barneveld
De Savornin Lohmanlaan,6,"","",3771HH,Barneveld
De Savornin Lohmanlaan,7,"","",3771HH,Barneveld
De Savornin Lohmanlaan,8,"","",3771HH,Barneveld
De Savornin Lohmanlaan,9,"","",3771HH,Barneveld
Hugo de Grootlaan,1,"","",3771HJ,Barneveld
Hugo de Grootlaan,11,"","",3771HJ,Barneveld
Hugo de Grootlaan,13,"","",3771HJ,Barneveld
Hugo de Grootlaan,15,"","",3771HJ,Barneveld
Hugo de Grootlaan,17,"","",3771HJ,Barneveld
Hugo de Grootlaan,19,"","",3771HJ,Barneveld
Hugo de Grootlaan,21,"","",3771HJ,Barneveld
Hugo de Grootlaan,3,"","",3771HJ,Barneveld
Hugo de Grootlaan,5,"","",3771HJ,Barneveld
Hugo de Grootlaan,7,"","",3771HJ,Barneveld
Hugo de Grootlaan,9,"","",3771HJ,Barneveld
Hugo de Grootlaan,23,"","",3771HK,Barneveld
Hugo de Grootlaan,23,A,"",3771HK,Barneveld
Hugo de Grootlaan,25,"","",3771HK,Barneveld
Hugo de Grootlaan,27,"","",3771HK,Barneveld
Hugo de Grootlaan,27,A,"",3771HK,Barneveld
Hugo de Grootlaan,29,"","",3771HK,Barneveld
Hugo de Grootlaan,31,"","",3771HK,Barneveld
Hugo de Grootlaan,33,"","",3771HK,Barneveld
Hugo de Grootlaan,35,"","",3771HK,Barneveld
Hugo de Grootlaan,37,"","",3771HK,Barneveld
Hugo de Grootlaan,39,"","",3771HK,Barneveld
Hugo de Grootlaan,41,"","",3771HK,Barneveld
Hugo de Grootlaan,45,"","",3771HK,Barneveld
Hugo de Grootlaan,47,"","",3771HK,Barneveld
Hugo de Grootlaan,49,"","",3771HK,Barneveld
Hugo de Grootlaan,51,"","",3771HK,Barneveld
Hugo de Grootlaan,51,"","",3771HK,Barneveld
Hugo de Grootlaan,53,"","",3771HK,Barneveld
Hugo de Grootlaan,57,"","",3771HK,Barneveld
Hugo de Grootlaan,59,"","",3771HK,Barneveld
Hugo de Grootlaan,61,"","",3771HK,Barneveld
Hugo de Grootlaan,63,"","",3771HK,Barneveld
Hugo de Grootlaan,10,"","",3771HL,Barneveld
Hugo de Grootlaan,12,"","",3771HL,Barneveld
Hugo de Grootlaan,14,"","",3771HL,Barneveld
Hugo de Grootlaan,18,"","",3771HL,Barneveld
Hugo de Grootlaan,2,"","",3771HL,Barneveld
Hugo de Grootlaan,2,A,"",3771HL,Barneveld
Hugo de Grootlaan,4,"","",3771HL,Barneveld
Hugo de Grootlaan,6,"","",3771HL,Barneveld
Hugo de Grootlaan,8,"","",3771HL,Barneveld
Johan de Wittlaan,1,"","",3771HM,Barneveld
Johan de Wittlaan,11,"","",3771HM,Barneveld
Johan de Wittlaan,13,"","",3771HM,Barneveld
Johan de Wittlaan,15,"","",3771HM,Barneveld
Johan de Wittlaan,3,"","",3771HM,Barneveld
Johan de Wittlaan,5,"","",3771HM,Barneveld
Johan de Wittlaan,7,"","",3771HM,Barneveld
Johan de Wittlaan,9,"","",3771HM,Barneveld
Johan de Wittlaan,10,"","",3771HN,Barneveld
Johan de Wittlaan,14,"","",3771HN,Barneveld
Johan de Wittlaan,16,"","",3771HN,Barneveld
Johan de Wittlaan,18,"","",3771HN,Barneveld
Johan de Wittlaan,2,"","",3771HN,Barneveld
Johan de Wittlaan,20,"","",3771HN,Barneveld
Johan de Wittlaan,22,"","",3771HN,Barneveld
Johan de Wittlaan,24,"","",3771HN,Barneveld
Johan de Wittlaan,26,"","",3771HN,Barneveld
Johan de Wittlaan,28,"","",3771HN,Barneveld
Johan de Wittlaan,4,"","",3771HN,Barneveld
Johan de Wittlaan,6,"","",3771HN,Barneveld
Johan de Wittlaan,8,"","",3771HN,Barneveld
Johan de Wittlaan,12,"","",3771HP,Barneveld
Johan de Wittlaan,12,"",001,3771HP,Barneveld
Johan de Wittlaan,12,"",002,3771HP,Barneveld
Johan de Wittlaan,12,"",003,3771HP,Barneveld
Johan de Wittlaan,12,"",004,3771HP,Barneveld
Johan de Wittlaan,12,"",005,3771HP,Barneveld
Johan de Wittlaan,12,"",006,3771HP,Barneveld
Johan de Wittlaan,12,"",007,3771HP,Barneveld
Johan de Wittlaan,12,"",008,3771HP,Barneveld
Johan de Wittlaan,12,"",009,3771HP,Barneveld
Johan de Wittlaan,12,"",010,3771HP,Barneveld
Johan de Wittlaan,12,"",011,3771HP,Barneveld
Johan de Wittlaan,12,"",012,3771HP,Barneveld
Johan de Wittlaan,12,"",013,3771HP,Barneveld
Johan de Wittlaan,12,"",014,3771HP,Barneveld
Johan de Wittlaan,12,"",015,3771HP,Barneveld
Johan de Wittlaan,12,"",016,3771HP,Barneveld
Johan de Wittlaan,12,"",017,3771HP,Barneveld
Johan de Wittlaan,12,"",018,3771HP,Barneveld
Johan de Wittlaan,12,"",019,3771HP,Barneveld
Johan de Wittlaan,12,"",020,3771HP,Barneveld
Johan de Wittlaan,12,"",021,3771HP,Barneveld
Johan de Wittlaan,12,"",023,3771HP,Barneveld
Johan de Wittlaan,12,"",025,3771HP,Barneveld
Johan de Wittlaan,12,"",027,3771HP,Barneveld
Johan de Wittlaan,12,"",029,3771HP,Barneveld
Johan de Wittlaan,12,"",031,3771HP,Barneveld
Johan de Wittlaan,12,"",033,3771HP,Barneveld
Johan de Wittlaan,12,"",035,3771HP,Barneveld
Johan de Wittlaan,12,"",037,3771HP,Barneveld
Johan de Wittlaan,12,"",039,3771HP,Barneveld
Johan de Wittlaan,12,"",039,3771HP,Barneveld
Johan de Wittlaan,12,"",100A,3771HP,Barneveld
Johan de Wittlaan,12,"",101,3771HP,Barneveld
Johan de Wittlaan,12,"",102,3771HP,Barneveld
Johan de Wittlaan,12,"",103,3771HP,Barneveld
Johan de Wittlaan,12,"",104,3771HP,Barneveld
Johan de Wittlaan,12,"",105,3771HP,Barneveld
Johan de Wittlaan,12,"",106,3771HP,Barneveld
Johan de Wittlaan,12,"",107,3771HP,Barneveld
Johan de Wittlaan,12,"",108,3771HP,Barneveld
Johan de Wittlaan,12,"",108A,3771HP,Barneveld
Johan de Wittlaan,12,"",109,3771HP,Barneveld
Johan de Wittlaan,12,"",110,3771HP,Barneveld
Johan de Wittlaan,12,"",111,3771HP,Barneveld
Johan de Wittlaan,12,"",112,3771HP,Barneveld
Johan de Wittlaan,12,"",112A,3771HP,Barneveld
Johan de Wittlaan,12,"",113,3771HP,Barneveld
Johan de Wittlaan,12,"",114,3771HP,Barneveld
Johan de Wittlaan,12,"",115,3771HP,Barneveld
Johan de Wittlaan,12,"",116,3771HP,Barneveld
Johan de Wittlaan,12,"",117,3771HP,Barneveld
Johan de Wittlaan,12,"",118,3771HP,Barneveld
Johan de Wittlaan,12,"",119,3771HP,Barneveld
Johan de Wittlaan,12,"",120,3771HP,Barneveld
Johan de Wittlaan,12,"",121,3771HP,Barneveld
Johan de Wittlaan,12,"",121,3771HP,Barneveld
Johan de Wittlaan,12,"",122,3771HP,Barneveld
Johan de Wittlaan,12,"",123,3771HP,Barneveld
Johan de Wittlaan,12,"",124,3771HP,Barneveld
Johan de Wittlaan,12,"",125,3771HP,Barneveld
Johan de Wittlaan,12,"",126,3771HP,Barneveld
Johan de Wittlaan,12,"",127,3771HP,Barneveld
Johan de Wittlaan,12,"",128A,3771HP,Barneveld
Johan de Wittlaan,12,"",129,3771HP,Barneveld
Johan de Wittlaan,12,"",130A,3771HP,Barneveld
Johan de Wittlaan,12,"",131,3771HP,Barneveld
Johan de Wittlaan,12,"",133,3771HP,Barneveld
Johan de Wittlaan,12,"",135,3771HP,Barneveld
Johan de Wittlaan,12,"",136,3771HP,Barneveld
Johan de Wittlaan,12,"",137,3771HP,Barneveld
Johan de Wittlaan,12,"",139,3771HP,Barneveld
Johan de Wittlaan,12,"",139,3771HP,Barneveld
Johan de Wittlaan,12,"",141,3771HP,Barneveld
Johan de Wittlaan,12,"",201,3771HP,Barneveld
Johan de Wittlaan,12,"",202,3771HP,Barneveld
Johan de Wittlaan,12,"",203,3771HP,Barneveld
Johan de Wittlaan,12,"",204,3771HP,Barneveld
Johan de Wittlaan,12,"",205,3771HP,Barneveld
Johan de Wittlaan,12,"",206,3771HP,Barneveld
Johan de Wittlaan,12,"",207,3771HP,Barneveld
Johan de Wittlaan,12,"",208,3771HP,Barneveld
Johan de Wittlaan,12,"",209,3771HP,Barneveld
Johan de Wittlaan,12,"",20A,3771HP,Barneveld
Johan de Wittlaan,12,"",210,3771HP,Barneveld
Johan de Wittlaan,12,"",211,3771HP,Barneveld
Johan de Wittlaan,12,"",212,3771HP,Barneveld
Johan de Wittlaan,12,"",213,3771HP,Barneveld
Johan de Wittlaan,12,"",214,3771HP,Barneveld
Johan de Wittlaan,12,"",215,3771HP,Barneveld
Johan de Wittlaan,12,"",216,3771HP,Barneveld
Johan de Wittlaan,12,"",217,3771HP,Barneveld
Johan de Wittlaan,12,"",218,3771HP,Barneveld
Johan de Wittlaan,12,"",219,3771HP,Barneveld
Johan de Wittlaan,12,"",220,3771HP,Barneveld
Johan de Wittlaan,12,"",221,3771HP,Barneveld
Johan de Wittlaan,12,"",222,3771HP,Barneveld
Johan de Wittlaan,12,"",223,3771HP,Barneveld
Johan de Wittlaan,12,"",224,3771HP,Barneveld
Johan de Wittlaan,12,"",225,3771HP,Barneveld
Johan de Wittlaan,12,"",34A,3771HP,Barneveld
Johan de Wittlaan,12,"",38A,3771HP,Barneveld
Johan de Wittlaan,12,"",54A,3771HP,Barneveld
Johan de Wittlaan,12,"",56A,3771HP,Barneveld
Johan de Wittlaan,12,"",58A,3771HP,Barneveld
Johan de Wittlaan,12,"",60A,3771HP,Barneveld
Johan de Wittlaan,12,"",62A,3771HP,Barneveld
Johan de Wittlaan,12,"",80A,3771HP,Barneveld
Johan de Wittlaan,12,"",82A,3771HP,Barneveld
Johan de Wittlaan,12,"",92A,3771HP,Barneveld
Johan de Wittlaan,100,"","",3771HR,Barneveld
Johan de Wittlaan,102,"","",3771HR,Barneveld
Johan de Wittlaan,104,"","",3771HR,Barneveld
Johan de Wittlaan,106,"","",3771HR,Barneveld
Johan de Wittlaan,108,"","",3771HR,Barneveld
Johan de Wittlaan,110,"","",3771HR,Barneveld
Johan de Wittlaan,112,"","",3771HR,Barneveld
Johan de Wittlaan,114,"","",3771HR,Barneveld
Johan de Wittlaan,116,"","",3771HR,Barneveld
Johan de Wittlaan,118,"","",3771HR,Barneveld
Johan de Wittlaan,12,"",100A,3771HR,Barneveld
Johan de Wittlaan,12,"",34A,3771HR,Barneveld
Johan de Wittlaan,12,"",62A,3771HR,Barneveld
Johan de Wittlaan,120,"","",3771HR,Barneveld
Johan de Wittlaan,122,"","",3771HR,Barneveld
Johan de Wittlaan,124,"","",3771HR,Barneveld
Johan de Wittlaan,126,"","",3771HR,Barneveld
Johan de Wittlaan,128,"","",3771HR,Barneveld
Johan de Wittlaan,130,"","",3771HR,Barneveld
Johan de Wittlaan,30,"","",3771HR,Barneveld
Johan de Wittlaan,32,"","",3771HR,Barneveld
Johan de Wittlaan,34,"","",3771HR,Barneveld
Johan de Wittlaan,36,"","",3771HR,Barneveld
Johan de Wittlaan,38,"","",3771HR,Barneveld
Johan de Wittlaan,40,"","",3771HR,Barneveld
Johan de Wittlaan,42,"","",3771HR,Barneveld
Johan de Wittlaan,48,"","",3771HR,Barneveld
Johan de Wittlaan,50,"","",3771HR,Barneveld
Johan de Wittlaan,52,"","",3771HR,Barneveld
Johan de Wittlaan,54,"","",3771HR,Barneveld
Johan de Wittlaan,56,"","",3771HR,Barneveld
Johan de Wittlaan,58,"","",3771HR,Barneveld
Johan de Wittlaan,60,"","",3771HR,Barneveld
Johan de Wittlaan,62,"","",3771HR,Barneveld
Johan de Wittlaan,64,"","",3771HR,Barneveld
Johan de Wittlaan,66,"","",3771HR,Barneveld
Johan de Wittlaan,68,"","",3771HR,Barneveld
Johan de Wittlaan,70,"","",3771HR,Barneveld
Johan de Wittlaan,72,"","",3771HR,Barneveld
Johan de Wittlaan,74,"","",3771HR,Barneveld
Johan de Wittlaan,76,"","",3771HR,Barneveld
Johan de Wittlaan,78,"","",3771HR,Barneveld
Johan de Wittlaan,80,"","",3771HR,Barneveld
Johan de Wittlaan,82,"","",3771HR,Barneveld
Johan de Wittlaan,84,"","",3771HR,Barneveld
Johan de Wittlaan,86,"","",3771HR,Barneveld
Johan de Wittlaan,88,"","",3771HR,Barneveld
Johan de Wittlaan,90,"","",3771HR,Barneveld
Johan de Wittlaan,92,"","",3771HR,Barneveld
Johan de Wittlaan,94,"","",3771HR,Barneveld
Johan de Wittlaan,96,"","",3771HR,Barneveld
Johan de Wittlaan,98,"","",3771HR,Barneveld
Kortelaan,1,"","",3771HS,Barneveld
Kortelaan,11,"","",3771HS,Barneveld
Kortelaan,2,"","",3771HS,Barneveld
Kortelaan,2,A,"",3771HS,Barneveld
Kortelaan,3,"","",3771HS,Barneveld
Kortelaan,4,"","",3771HS,Barneveld
Kortelaan,5,"","",3771HS,Barneveld
Kortelaan,6,"","",3771HS,Barneveld
Kortelaan,7,"","",3771HS,Barneveld
Kortelaan,9,"","",3771HS,Barneveld
Bloemendaallaan,1,"","",3771HT,Barneveld
Bloemendaallaan,11,"","",3771HT,Barneveld
Bloemendaallaan,13,"","",3771HT,Barneveld
Bloemendaallaan,15,"","",3771HT,Barneveld
Bloemendaallaan,17,"","",3771HT,Barneveld
Bloemendaallaan,19,"","",3771HT,Barneveld
Bloemendaallaan,21,"","",3771HT,Barneveld
Bloemendaallaan,31,"","",3771HT,Barneveld
Bloemendaallaan,37,"","",3771HT,Barneveld
Bloemendaallaan,39,"","",3771HT,Barneveld
Bloemendaallaan,41,"","",3771HT,Barneveld
Bloemendaallaan,41,"","",3771HT,Barneveld
Bloemendaallaan,43,"","",3771HT,Barneveld
Bloemendaallaan,49,"","",3771HT,Barneveld
Bloemendaallaan,51,"","",3771HT,Barneveld
Bloemendaallaan,51,"",01,3771HT,Barneveld
Bloemendaallaan,59,"","",3771HT,Barneveld
Bloemendaallaan,59,A,"",3771HT,Barneveld
Bloemendaallaan,61,"","",3771HT,Barneveld
Bloemendaallaan,63,"","",3771HT,Barneveld
Bloemendaallaan,67,"","",3771HT,Barneveld
Bloemendaallaan,69,"","",3771HT,Barneveld
Bloemendaallaan,77,"","",3771HT,Barneveld
Bloemendaallaan,79,"","",3771HT,Barneveld
Bloemendaallaan,81,"","",3771HT,Barneveld
Bloemendaallaan,83,"","",3771HT,Barneveld
Bloemendaallaan,85,"","",3771HT,Barneveld
Bloemendaallaan,87,"","",3771HT,Barneveld
Bloemendaallaan,87,A,"",3771HT,Barneveld
Bloemendaallaan,89,"","",3771HT,Barneveld
Bloemendaallaan,9,"","",3771HT,Barneveld
Bloemendaallaan,93,"","",3771HT,Barneveld
Bloemendaallaan,97,"","",3771HT,Barneveld
Bloemendaallaan,10,"","",3771HV,Barneveld
Bloemendaallaan,12,"","",3771HV,Barneveld
Bloemendaallaan,14,"","",3771HV,Barneveld
Bloemendaallaan,16,"","",3771HV,Barneveld
Bloemendaallaan,18,"","",3771HV,Barneveld
Bloemendaallaan,2,"","",3771HV,Barneveld
Bloemendaallaan,20,"","",3771HV,Barneveld
Bloemendaallaan,22,"","",3771HV,Barneveld
Bloemendaallaan,24,"","",3771HV,Barneveld
Bloemendaallaan,26,"","",3771HV,Barneveld
Bloemendaallaan,28,"","",3771HV,Barneveld
Bloemendaallaan,30,"","",3771HV,Barneveld
Bloemendaallaan,32,"","",3771HV,Barneveld
Bloemendaallaan,34,"","",3771HV,Barneveld
Bloemendaallaan,36,"","",3771HV,Barneveld
Bloemendaallaan,4,"","",3771HV,Barneveld
Bloemendaallaan,8,"","",3771HV,Barneveld
Bloemendaallaan,100,"","",3771HW,Barneveld
Bloemendaallaan,102,"","",3771HW,Barneveld
Bloemendaallaan,104,"","",3771HW,Barneveld
Bloemendaallaan,110,"","",3771HW,Barneveld
Bloemendaallaan,38,"","",3771HW,Barneveld
Bloemendaallaan,40,"","",3771HW,Barneveld
Bloemendaallaan,42,"","",3771HW,Barneveld
Bloemendaallaan,44,"","",3771HW,Barneveld
Bloemendaallaan,46,"","",3771HW,Barneveld
Bloemendaallaan,48,"","",3771HW,Barneveld
Bloemendaallaan,50,"","",3771HW,Barneveld
Bloemendaallaan,50,"","",3771HW,Barneveld
Bloemendaallaan,50,"","",3771HW,Barneveld
Bloemendaallaan,50,"","",3771HW,Barneveld
Bloemendaallaan,52,"","",3771HW,Barneveld
Bloemendaallaan,54,"","",3771HW,Barneveld
Bloemendaallaan,56,"","",3771HW,Barneveld
Bloemendaallaan,56,A,"",3771HW,Barneveld
Bloemendaallaan,58,"","",3771HW,Barneveld
Bloemendaallaan,60,"","",3771HW,Barneveld
Bloemendaallaan,62,"","",3771HW,Barneveld
Bloemendaallaan,62,"",01,3771HW,Barneveld
Bloemendaallaan,64,"","",3771HW,Barneveld
Bloemendaallaan,78,"","",3771HW,Barneveld
Bloemendaallaan,80,"","",3771HW,Barneveld
Bloemendaallaan,82,"","",3771HW,Barneveld
Bloemendaallaan,84,"","",3771HW,Barneveld
Bloemendaallaan,88,"","",3771HW,Barneveld
Bloemendaallaan,92,"","",3771HW,Barneveld
Bloemendaallaan,94,"","",3771HW,Barneveld
Bloemendaallaan,96,"","",3771HW,Barneveld
Bloemendaallaan,98,"","",3771HW,Barneveld
Piersonlaan,1,"","",3771WB,Barneveld
Piersonlaan,10,"","",3771WB,Barneveld
Piersonlaan,11,"","",3771WB,Barneveld
Piersonlaan,13,"","",3771WB,Barneveld
Piersonlaan,15,"","",3771WB,Barneveld
Piersonlaan,2,"","",3771WB,Barneveld
Piersonlaan,3,"","",3771WB,Barneveld
Piersonlaan,4,"","",3771WB,Barneveld
Piersonlaan,5,"","",3771WB,Barneveld
Piersonlaan,6,"","",3771WB,Barneveld
Piersonlaan,7,"","",3771WB,Barneveld
Piersonlaan,8,"","",3771WB,Barneveld
Piersonlaan,9,"","",3771WB,Barneveld
Oostlaan,11,"","",3771XK,Barneveld
Oostlaan,12,"","",3771XK,Barneveld
Oostlaan,13,"","",3771XK,Barneveld
Oostlaan,14,"","",3771XK,Barneveld
Oostlaan,3,"","",3771XK,Barneveld
Oostlaan,5,"","",3771XK,Barneveld
Oostlaan,7,"","",3771XK,Barneveld
Oostlaan,9,"","",3771XK,Barneveld
Mr. Troelstralaan,20,"","",3771XL,Barneveld
Mr. Troelstralaan,21,"","",3771XL,Barneveld
Mr. Troelstralaan,23,"","",3771XL,Barneveld
Mr. Troelstralaan,25,"","",3771XL,Barneveld
Mr. Troelstralaan,27,"","",3771XL,Barneveld
Mr. Troelstralaan,29,"","",3771XL,Barneveld
Mr. Troelstralaan,31,"","",3771XL,Barneveld
Mr. Troelstralaan,33,"","",3771XL,Barneveld
Mr. Troelstralaan,35,"","",3771XL,Barneveld
Mr. Troelstralaan,37,"","",3771XL,Barneveld
Van Heuvenlaan,1,"","",3771XS,Barneveld
Van Heuvenlaan,11,"","",3771XS,Barneveld
Van Heuvenlaan,13,"","",3771XS,Barneveld
Van Heuvenlaan,15,"","",3771XS,Barneveld
Van Heuvenlaan,17,"","",3771XS,Barneveld
Van Heuvenlaan,19,"","",3771XS,Barneveld
Van Heuvenlaan,3,"","",3771XS,Barneveld
Van Heuvenlaan,5,"","",3771XS,Barneveld
Van Heuvenlaan,7,"","",3771XS,Barneveld
Van Heuvenlaan,7,A,"",3771XS,Barneveld
Van Heuvenlaan,9,"","",3771XS,Barneveld
Schaepmanhof,1,"","",3771XW,Barneveld
Schaepmanhof,11,"","",3771XW,Barneveld
Schaepmanhof,13,"","",3771XW,Barneveld
Schaepmanhof,3,"","",3771XW,Barneveld
Schaepmanhof,5,"","",3771XW,Barneveld
Schaepmanhof,7,"","",3771XW,Barneveld
Schaepmanhof,9,"","",3771XW,Barneveld
Treublaan,1,"","",3771XX,Barneveld
Treublaan,3,"","",3771XX,Barneveld
Treublaan,5,"","",3771XX,Barneveld
Treublaan,7,"","",3771XX,Barneveld
Treublaan,9,"","",3771XX,Barneveld
