straat,huisnummer,huisletter,toevoeging,postcode,plaats
Waalkade,10,"","",5301CH,Zaltbommel
Waalkade,12,"","",5301CH,Zaltbommel
Waalkade,14,"","",5301CH,Zaltbommel
Waalkade,16,A,"",5301CH,Zaltbommel
Waalkade,16,B,"",5301CH,Zaltbommel
Waalkade,16,C,"",5301CH,Zaltbommel
Waalkade,16,D,"",5301CH,Zaltbommel
Waalkade,2,"","",5301CH,Zaltbommel
Waalkade,2,A,"",5301CH,Zaltbommel
Waalkade,39,"","",5301CH,Zaltbommel
Waalkade,39,A,"",5301CH,Zaltbommel
Waalkade,39,A,"",5301CH,Zaltbommel
Waalkade,4,"","",5301CH,Zaltbommel
Waalkade,4,A,"",5301CH,Zaltbommel
Waalkade,41,"","",5301CH,Zaltbommel
Waalkade,43,"","",5301CH,Zaltbommel
Waalkade,43,A,"",5301CH,Zaltbommel
Waalkade,45,"","",5301CH,Zaltbommel
Waalkade,45,A,"",5301CH,Zaltbommel
Waalkade,47,"","",5301CH,Zaltbommel
Waalkade,6,"","",5301CH,Zaltbommel
Waalkade,8,"","",5301CH,Zaltbommel
Waalbandijk,2,"","",5301GA,Zaltbommel
Waalbandijk,6,"","",5301GA,Zaltbommel
Toepadweg,1,"","",5301KA,Zaltbommel
Toepadweg,1,A,"",5301KA,Zaltbommel
Toepadweg,10,"","",5301KA,Zaltbommel
Toepadweg,10,A,"",5301KA,Zaltbommel
Toepadweg,10,B,"",5301KA,Zaltbommel
Toepadweg,10,C,"",5301KA,Zaltbommel
Toepadweg,10,D,"",5301KA,Zaltbommel
Toepadweg,10,E,"",5301KA,Zaltbommel
Toepadweg,10,F,"",5301KA,Zaltbommel
Toepadweg,10,G,"",5301KA,Zaltbommel
Toepadweg,10,H,"",5301KA,Zaltbommel
Toepadweg,10,J,"",5301KA,Zaltbommel
Toepadweg,10,K,"",5301KA,Zaltbommel
Toepadweg,10,L,"",5301KA,Zaltbommel
Toepadweg,10,M,"",5301KA,Zaltbommel
Toepadweg,10,N,"",5301KA,Zaltbommel
Toepadweg,10,P,"",5301KA,Zaltbommel
Toepadweg,10,R,"",5301KA,Zaltbommel
Toepadweg,10,S,"",5301KA,Zaltbommel
Toepadweg,10,T,"",5301KA,Zaltbommel
Toepadweg,10,U,"",5301KA,Zaltbommel
Toepadweg,10,V,"",5301KA,Zaltbommel
Toepadweg,10,W,"",5301KA,Zaltbommel
Toepadweg,11,"","",5301KA,Zaltbommel
Toepadweg,12,"","",5301KA,Zaltbommel
Toepadweg,13,"","",5301KA,Zaltbommel
Toepadweg,2,"","",5301KA,Zaltbommel
Toepadweg,21,A,"",5301KA,Zaltbommel
Toepadweg,21,B,"",5301KA,Zaltbommel
Toepadweg,21,C,"",5301KA,Zaltbommel
Toepadweg,23,"","",5301KA,Zaltbommel
Toepadweg,25,"","",5301KA,Zaltbommel
Toepadweg,29,"","",5301KA,Zaltbommel
Toepadweg,29,A,"",5301KA,Zaltbommel
Toepadweg,3,"","",5301KA,Zaltbommel
Toepadweg,31,"","",5301KA,Zaltbommel
Toepadweg,31,A,"",5301KA,Zaltbommel
Toepadweg,31,B,"",5301KA,Zaltbommel
Toepadweg,31,C,"",5301KA,Zaltbommel
Toepadweg,31,D,"",5301KA,Zaltbommel
Toepadweg,31,E,"",5301KA,Zaltbommel
Toepadweg,31,F,"",5301KA,Zaltbommel
Toepadweg,31,G,"",5301KA,Zaltbommel
Toepadweg,33,"","",5301KA,Zaltbommel
Toepadweg,35,"","",5301KA,Zaltbommel
Toepadweg,37,"","",5301KA,Zaltbommel
Toepadweg,37,A,"",5301KA,Zaltbommel
Toepadweg,39,"","",5301KA,Zaltbommel
Toepadweg,4,"","",5301KA,Zaltbommel
Toepadweg,4,"","",5301KA,Zaltbommel
Toepadweg,4,A,"",5301KA,Zaltbommel
Toepadweg,4,B,"",5301KA,Zaltbommel
Toepadweg,4,C,"",5301KA,Zaltbommel
Toepadweg,41,"","",5301KA,Zaltbommel
Toepadweg,43,"","",5301KA,Zaltbommel
Toepadweg,43,A,"",5301KA,Zaltbommel
Toepadweg,43,B,"",5301KA,Zaltbommel
Toepadweg,45,"","",5301KA,Zaltbommel
Toepadweg,5,"","",5301KA,Zaltbommel
Toepadweg,6,"","",5301KA,Zaltbommel
Toepadweg,7,"","",5301KA,Zaltbommel
Toepadweg,8,"","",5301KA,Zaltbommel
Toepadweg,8,"","",5301KA,Zaltbommel
Toepadweg,9,"","",5301KA,Zaltbommel
Dwarsweg,1,"","",5301KB,Zaltbommel
Dwarsweg,11,"","",5301KB,Zaltbommel
Dwarsweg,13,"","",5301KB,Zaltbommel
Dwarsweg,13,A,"",5301KB,Zaltbommel
Toepadweg,14,"","",5301KB,Zaltbommel
Dwarsweg,15,"","",5301KB,Zaltbommel
Dwarsweg,17,"","",5301KB,Zaltbommel
Dwarsweg,17,"","",5301KB,Zaltbommel
Dwarsweg,19,"","",5301KB,Zaltbommel
Dwarsweg,19,"","",5301KB,Zaltbommel
Dwarsweg,21,"","",5301KB,Zaltbommel
Dwarsweg,21,"","",5301KB,Zaltbommel
Dwarsweg,23,"","",5301KB,Zaltbommel
Dwarsweg,23,"","",5301KB,Zaltbommel
Dwarsweg,25,"","",5301KB,Zaltbommel
Dwarsweg,25,"","",5301KB,Zaltbommel
Dwarsweg,27,"","",5301KB,Zaltbommel
Dwarsweg,27,"","",5301KB,Zaltbommel
Dwarsweg,29,"","",5301KB,Zaltbommel
Dwarsweg,29,"","",5301KB,Zaltbommel
Dwarsweg,31,"","",5301KB,Zaltbommel
Dwarsweg,31,"","",5301KB,Zaltbommel
Dwarsweg,33,"","",5301KB,Zaltbommel
Dwarsweg,33,"","",5301KB,Zaltbommel
Dwarsweg,35,"","",5301KB,Zaltbommel
Dwarsweg,35,"","",5301KB,Zaltbommel
Dwarsweg,37,"","",5301KB,Zaltbommel
Dwarsweg,37,"","",5301KB,Zaltbommel
Dwarsweg,39,"","",5301KB,Zaltbommel
Dwarsweg,39,"","",5301KB,Zaltbommel
Dwarsweg,41,"","",5301KB,Zaltbommel
Dwarsweg,41,"","",5301KB,Zaltbommel
Dwarsweg,43,"","",5301KB,Zaltbommel
Dwarsweg,43,"","",5301KB,Zaltbommel
Dwarsweg,45,"","",5301KB,Zaltbommel
Dwarsweg,45,"","",5301KB,Zaltbommel
Dwarsweg,47,"","",5301KB,Zaltbommel
Dwarsweg,47,"","",5301KB,Zaltbommel
Dwarsweg,49,"","",5301KB,Zaltbommel
Dwarsweg,49,"","",5301KB,Zaltbommel
Dwarsweg,5,"","",5301KB,Zaltbommel
Dwarsweg,7,"","",5301KB,Zaltbommel
Dwarsweg,9,"","",5301KB,Zaltbommel
Ketelsteeg,10,"","",5301KC,Zaltbommel
Ketelsteeg,1013,T,"",5301KC,Zaltbommel
Ketelsteeg,12,"","",5301KC,Zaltbommel
Ketelsteeg,14,"","",5301KC,Zaltbommel
Ketelsteeg,14,"","",5301KC,Zaltbommel
Ketelsteeg,14,A,"",5301KC,Zaltbommel
Ketelsteeg,16,"","",5301KC,Zaltbommel
Ketelsteeg,16,A,"",5301KC,Zaltbommel
Ketelsteeg,16,B,"",5301KC,Zaltbommel
Ketelsteeg,18,"","",5301KC,Zaltbommel
Ketelsteeg,2,"","",5301KC,Zaltbommel
Ketelsteeg,2,A,"",5301KC,Zaltbommel
Ketelsteeg,2,B,"",5301KC,Zaltbommel
Ketelsteeg,20,"","",5301KC,Zaltbommel
Ketelsteeg,4,"","",5301KC,Zaltbommel
Ketelsteeg,5,"","",5301KC,Zaltbommel
Ketelsteeg,5,A,"",5301KC,Zaltbommel
Ketelsteeg,5,A,TIJD,5301KC,Zaltbommel
Ketelsteeg,6,"","",5301KC,Zaltbommel
Ketelsteeg,6,A,"",5301KC,Zaltbommel
Ketelsteeg,7,"","",5301KC,Zaltbommel
Ketelsteeg,7,A,"",5301KC,Zaltbommel
Ketelsteeg,8,"","",5301KC,Zaltbommel
Ketelsteeg,9,"","",5301KC,Zaltbommel
Rozenbogerd,2,"","",5301KD,Zaltbommel
Rozenbogerd,2,A,"",5301KD,Zaltbommel
Rozenbogerd,2,B,"",5301KD,Zaltbommel
Rozenbogerd,3,"","",5301KD,Zaltbommel
Rozenbogerd,3,"",MAN,5301KD,Zaltbommel
Rozenbogerd,3,A,"",5301KD,Zaltbommel
Rozenbogerd,4,"","",5301KD,Zaltbommel
Rozenbogerd,4,A,"",5301KD,Zaltbommel
Rozenbogerd,4,B,"",5301KD,Zaltbommel
Rozenbogerd,5,"","",5301KD,Zaltbommel
Rozenbogerd,6,"","",5301KD,Zaltbommel
Rozenbogerd,7,"","",5301KD,Zaltbommel
Van Heemstraweg Oost,10,"","",5301KE,Zaltbommel
Van Heemstraweg Oost,10,"","",5301KE,Zaltbommel
Van Heemstraweg Oost,12,"","",5301KE,Zaltbommel
Van Heemstraweg Oost,12,"","",5301KE,Zaltbommel
Van Heemstraweg Oost,15,"","",5301KE,Zaltbommel
Van Heemstraweg Oost,15,"","",5301KE,Zaltbommel
Van Heemstraweg Oost,15,A,"",5301KE,Zaltbommel
Van Heemstraweg Oost,15,A,"",5301KE,Zaltbommel
Van Heemstraweg Oost,15,B,"",5301KE,Zaltbommel
Van Heemstraweg Oost,15,B,"",5301KE,Zaltbommel
Van Heemstraweg Oost,17,"","",5301KE,Zaltbommel
Van Heemstraweg Oost,17,"","",5301KE,Zaltbommel
Van Heemstraweg Oost,19,"","",5301KE,Zaltbommel
Van Heemstraweg Oost,19,"","",5301KE,Zaltbommel
Van Heemstraweg Oost,2,"","",5301KE,Zaltbommel
Van Heemstraweg Oost,2,"","",5301KE,Zaltbommel
Van Heemstraweg Oost,2,"","",5301KE,Zaltbommel
Van Heemstraweg Oost,2,A,"",5301KE,Zaltbommel
Van Heemstraweg Oost,2,A,"",5301KE,Zaltbommel
Van Heemstraweg Oost,21,"","",5301KE,Zaltbommel
Van Heemstraweg Oost,21,"","",5301KE,Zaltbommel
Van Heemstraweg Oost,4,"","",5301KE,Zaltbommel
Van Heemstraweg Oost,4,"","",5301KE,Zaltbommel
Van Heemstraweg Oost,8,"","",5301KE,Zaltbommel
Van Heemstraweg Oost,8,"","",5301KE,Zaltbommel
Van Heemstraweg Oost,9,"","",5301KE,Zaltbommel
Van Heemstraweg Oost,9,"","",5301KE,Zaltbommel
Bommelsekade,1,"","",5301KL,Zaltbommel
Bommelsekade,1,"","",5301KL,Zaltbommel
Bommelsekade,1,A,"",5301KL,Zaltbommel
Bommelsekade,1,A,"",5301KL,Zaltbommel
Bommelsekade,11,"","",5301KL,Zaltbommel
Bommelsekade,18,"","",5301KL,Zaltbommel
Bommelsekade,18,"","",5301KL,Zaltbommel
Bommelsekade,3,"","",5301KL,Zaltbommel
Bommelsekade,7,"","",5301KL,Zaltbommel
Bommelsekade,8,"","",5301KL,Zaltbommel
Bommelsekade,9,"","",5301KL,Zaltbommel
Veilingweg,1,"","",5301KM,Zaltbommel
Veilingweg,1,A,"",5301KM,Zaltbommel
Veilingweg,1,B,"",5301KM,Zaltbommel
Veilingweg,10,"","",5301KM,Zaltbommel
Veilingweg,11,"","",5301KM,Zaltbommel
Veilingweg,11,"","",5301KM,Zaltbommel
Veilingweg,11,"","",5301KM,Zaltbommel
Veilingweg,11,A,"",5301KM,Zaltbommel
Veilingweg,13,"","",5301KM,Zaltbommel
Veilingweg,14,"","",5301KM,Zaltbommel
Veilingweg,15,"","",5301KM,Zaltbommel
Veilingweg,17,"","",5301KM,Zaltbommel
Veilingweg,17,"","",5301KM,Zaltbommel
Veilingweg,19,"","",5301KM,Zaltbommel
Veilingweg,19,"","",5301KM,Zaltbommel
Veilingweg,2,"","",5301KM,Zaltbommel
Veilingweg,2,A,"",5301KM,Zaltbommel
Veilingweg,2,B,TIJD,5301KM,Zaltbommel
Veilingweg,23,"","",5301KM,Zaltbommel
Veilingweg,25,"","",5301KM,Zaltbommel
Veilingweg,29,"","",5301KM,Zaltbommel
Veilingweg,29,A,"",5301KM,Zaltbommel
Veilingweg,3,"","",5301KM,Zaltbommel
Veilingweg,4,"","",5301KM,Zaltbommel
Veilingweg,6,"","",5301KM,Zaltbommel
Veilingweg,7,"","",5301KM,Zaltbommel
Veilingweg,8,"","",5301KM,Zaltbommel
Veilingweg,8,A,"",5301KM,Zaltbommel
Veilingweg,8,B,"",5301KM,Zaltbommel
Veilingweg,9,"","",5301KM,Zaltbommel
Onderlangsweg,1,"","",5301KN,Zaltbommel
Onderlangsweg,3,"","",5301KN,Zaltbommel
Schimminck,1,"","",5301KR,Zaltbommel
Schimminck,1,A,"",5301KR,Zaltbommel
Schimminck,1,B,"",5301KR,Zaltbommel
Schimminck,1,C,"",5301KR,Zaltbommel
Schimminck,10,"","",5301KR,Zaltbommel
Schimminck,10,A,"",5301KR,Zaltbommel
Schimminck,11,"","",5301KR,Zaltbommel
Schimminck,11,A,"",5301KR,Zaltbommel
Schimminck,12,"","",5301KR,Zaltbommel
Schimminck,13,"","",5301KR,Zaltbommel
Schimminck,14,"","",5301KR,Zaltbommel
Schimminck,15,"","",5301KR,Zaltbommel
Schimminck,15,A,"",5301KR,Zaltbommel
Schimminck,15,B,"",5301KR,Zaltbommel
Schimminck,16,"","",5301KR,Zaltbommel
Schimminck,18,"","",5301KR,Zaltbommel
Schimminck,2,"","",5301KR,Zaltbommel
Schimminck,2,"","",5301KR,Zaltbommel
Schimminck,20,"","",5301KR,Zaltbommel
Schimminck,21,"","",5301KR,Zaltbommel
Schimminck,23,"","",5301KR,Zaltbommel
Schimminck,25,"","",5301KR,Zaltbommel
Schimminck,3,"","",5301KR,Zaltbommel
Schimminck,3,A,"",5301KR,Zaltbommel
Schimminck,3,B,"",5301KR,Zaltbommel
Schimminck,5,"","",5301KR,Zaltbommel
Schimminck,6,"","",5301KR,Zaltbommel
Schimminck,6,A,"",5301KR,Zaltbommel
Schimminck,7,"","",5301KR,Zaltbommel
Schimminck,9,"","",5301KR,Zaltbommel
Unieweg,1,"","",5301KS,Zaltbommel
Unieweg,2,"","",5301KS,Zaltbommel
Unieweg,4,"","",5301KS,Zaltbommel
Unieweg,5,"","",5301KS,Zaltbommel
Unieweg,6,"","",5301KS,Zaltbommel
Unieweg,7,"","",5301KS,Zaltbommel
Dwarsweg,10,"","",5301KT,Zaltbommel
Dwarsweg,12,"","",5301KT,Zaltbommel
Dwarsweg,14,"","",5301KT,Zaltbommel
Dwarsweg,16,"","",5301KT,Zaltbommel
Dwarsweg,18,"","",5301KT,Zaltbommel
Dwarsweg,2,"","",5301KT,Zaltbommel
Dwarsweg,2,A,"",5301KT,Zaltbommel
Dwarsweg,2,B,"",5301KT,Zaltbommel
Dwarsweg,20,"","",5301KT,Zaltbommel
Dwarsweg,22,"","",5301KT,Zaltbommel
Dwarsweg,22,"","",5301KT,Zaltbommel
Dwarsweg,22,A,"",5301KT,Zaltbommel
Dwarsweg,22,B,"",5301KT,Zaltbommel
Dwarsweg,22,C,"",5301KT,Zaltbommel
Dwarsweg,24,"","",5301KT,Zaltbommel
Dwarsweg,24,A,"",5301KT,Zaltbommel
Dwarsweg,24,A,TIJD,5301KT,Zaltbommel
Dwarsweg,24,A,TIJD,5301KT,Zaltbommel
Dwarsweg,26,"","",5301KT,Zaltbommel
Dwarsweg,4,"","",5301KT,Zaltbommel
Dwarsweg,6,"","",5301KT,Zaltbommel
Dwarsweg,8,"","",5301KT,Zaltbommel
Hulpweg,1,"","",5301KV,Zaltbommel
Hulpweg,10,"","",5301KV,Zaltbommel
Hulpweg,10,"","",5301KV,Zaltbommel
Hulpweg,2,"","",5301KV,Zaltbommel
Hulpweg,2,"","",5301KV,Zaltbommel
Hulpweg,4,"","",5301KV,Zaltbommel
Hulpweg,6,"","",5301KV,Zaltbommel
Hulpweg,8,"","",5301KV,Zaltbommel
Ambacht,1,"","",5301KW,Zaltbommel
Ambacht,1,A,"",5301KW,Zaltbommel
Ambacht,2,"","",5301KW,Zaltbommel
Ambacht,3,"","",5301KW,Zaltbommel
Ambacht,4,"","",5301KW,Zaltbommel
Ambacht,6,"","",5301KW,Zaltbommel
Wildemanweg,2,"","",5301LT,Zaltbommel
Wildemanweg,4,"","",5301LT,Zaltbommel
Wildemanweg,6,"","",5301LT,Zaltbommel
Wildemanweg,8,"","",5301LT,Zaltbommel
Doornepol,1,A,"",5301LV,Zaltbommel
Doornepol,1,B,"",5301LV,Zaltbommel
Doornepol,11,"","",5301LV,Zaltbommel
Doornepol,13,"","",5301LV,Zaltbommel
Doornepol,17,"","",5301LV,Zaltbommel
Doornepol,17,"","",5301LV,Zaltbommel
Doornepol,5,"","",5301LV,Zaltbommel
Doornepol,9,"","",5301LV,Zaltbommel
Valeton,1,"","",5301LW,Zaltbommel
Valeton,1,A,"",5301LW,Zaltbommel
Valeton,10,"","",5301LW,Zaltbommel
Valeton,11,"","",5301LW,Zaltbommel
Valeton,11,"","",5301LW,Zaltbommel
Valeton,11,A,"",5301LW,Zaltbommel
Valeton,11,A,"",5301LW,Zaltbommel
Valeton,11,B,"",5301LW,Zaltbommel
Valeton,11,C,"",5301LW,Zaltbommel
Valeton,12,"","",5301LW,Zaltbommel
Valeton,12,"","",5301LW,Zaltbommel
Valeton,13,"","",5301LW,Zaltbommel
Valeton,14,"","",5301LW,Zaltbommel
Valeton,14,"","",5301LW,Zaltbommel
Valeton,14,A,"",5301LW,Zaltbommel
Valeton,14,B,"",5301LW,Zaltbommel
Valeton,14,C,"",5301LW,Zaltbommel
Valeton,14,D,"",5301LW,Zaltbommel
Valeton,14,E,"",5301LW,Zaltbommel
Valeton,14,F,"",5301LW,Zaltbommel
Valeton,14,G,"",5301LW,Zaltbommel
Valeton,15,"","",5301LW,Zaltbommel
Valeton,16,"","",5301LW,Zaltbommel
Valeton,16,A,"",5301LW,Zaltbommel
Valeton,16,B,"",5301LW,Zaltbommel
Valeton,16,C,"",5301LW,Zaltbommel
Valeton,16,D,"",5301LW,Zaltbommel
Valeton,16,E,"",5301LW,Zaltbommel
Valeton,16,F,"",5301LW,Zaltbommel
Valeton,16,G,"",5301LW,Zaltbommel
Valeton,16,H,"",5301LW,Zaltbommel
Valeton,17,"","",5301LW,Zaltbommel
Valeton,17,A,"",5301LW,Zaltbommel
Valeton,17,B,"",5301LW,Zaltbommel
Valeton,18,"","",5301LW,Zaltbommel
Valeton,18,A,"",5301LW,Zaltbommel
Valeton,19,"","",5301LW,Zaltbommel
Valeton,2,"","",5301LW,Zaltbommel
Valeton,2,A,"",5301LW,Zaltbommel
Valeton,2,B,"",5301LW,Zaltbommel
Valeton,20,"","",5301LW,Zaltbommel
Valeton,20,A,"",5301LW,Zaltbommel
Valeton,20,B,"",5301LW,Zaltbommel
Valeton,20,C,"",5301LW,Zaltbommel
Valeton,20,D,"",5301LW,Zaltbommel
Valeton,20,E,"",5301LW,Zaltbommel
Valeton,20,F,"",5301LW,Zaltbommel
Valeton,20,G,"",5301LW,Zaltbommel
Valeton,20,H,"",5301LW,Zaltbommel
Valeton,21,"","",5301LW,Zaltbommel
Valeton,21,"","",5301LW,Zaltbommel
Valeton,21,B,"",5301LW,Zaltbommel
Valeton,21,C,"",5301LW,Zaltbommel
Valeton,23,"","",5301LW,Zaltbommel
Valeton,25,"","",5301LW,Zaltbommel
Valeton,27,"","",5301LW,Zaltbommel
Valeton,27,A,"",5301LW,Zaltbommel
Valeton,29,"","",5301LW,Zaltbommel
Valeton,29,A,"",5301LW,Zaltbommel
Valeton,3,"","",5301LW,Zaltbommel
Valeton,3,"","",5301LW,Zaltbommel
Valeton,3,A,"",5301LW,Zaltbommel
Valeton,3,B,"",5301LW,Zaltbommel
Valeton,3,B,"",5301LW,Zaltbommel
Valeton,31,"","",5301LW,Zaltbommel
Valeton,33,"","",5301LW,Zaltbommel
Valeton,35,"","",5301LW,Zaltbommel
Valeton,35,"","",5301LW,Zaltbommel
Valeton,37,"","",5301LW,Zaltbommel
Valeton,4,"","",5301LW,Zaltbommel
Valeton,4,A,"",5301LW,Zaltbommel
Valeton,4,A,1,5301LW,Zaltbommel
Valeton,4,B,"",5301LW,Zaltbommel
Valeton,4,C,"",5301LW,Zaltbommel
Valeton,4,D,"",5301LW,Zaltbommel
Valeton,4,E,"",5301LW,Zaltbommel
Valeton,4,F,"",5301LW,Zaltbommel
Valeton,4,G,"",5301LW,Zaltbommel
Valeton,4,H,"",5301LW,Zaltbommel
Valeton,4,H,1,5301LW,Zaltbommel
Valeton,4,H,2,5301LW,Zaltbommel
Valeton,4,J,"",5301LW,Zaltbommel
Valeton,4,J,1,5301LW,Zaltbommel
Valeton,4,J,2,5301LW,Zaltbommel
Valeton,4,K,"",5301LW,Zaltbommel
Valeton,4,L,"",5301LW,Zaltbommel
Valeton,4,M,"",5301LW,Zaltbommel
Valeton,4,N,"",5301LW,Zaltbommel
Valeton,4,P,"",5301LW,Zaltbommel
Valeton,4,R,"",5301LW,Zaltbommel
Valeton,4,R,1,5301LW,Zaltbommel
Valeton,4,R,2,5301LW,Zaltbommel
Valeton,5,"","",5301LW,Zaltbommel
Valeton,6,A,1,5301LW,Zaltbommel
Valeton,6,A,10,5301LW,Zaltbommel
Valeton,6,A,11,5301LW,Zaltbommel
Valeton,6,A,12,5301LW,Zaltbommel
Valeton,6,A,13,5301LW,Zaltbommel
Valeton,6,A,14,5301LW,Zaltbommel
Valeton,6,A,15,5301LW,Zaltbommel
Valeton,6,A,16,5301LW,Zaltbommel
Valeton,6,A,17,5301LW,Zaltbommel
Valeton,6,A,18,5301LW,Zaltbommel
Valeton,6,A,19,5301LW,Zaltbommel
Valeton,6,A,2,5301LW,Zaltbommel
Valeton,6,A,20,5301LW,Zaltbommel
Valeton,6,A,21,5301LW,Zaltbommel
Valeton,6,A,22,5301LW,Zaltbommel
Valeton,6,A,23,5301LW,Zaltbommel
Valeton,6,A,24,5301LW,Zaltbommel
Valeton,6,A,25,5301LW,Zaltbommel
Valeton,6,A,26,5301LW,Zaltbommel
Valeton,6,A,27,5301LW,Zaltbommel
Valeton,6,A,28,5301LW,Zaltbommel
Valeton,6,A,29,5301LW,Zaltbommel
Valeton,6,A,3,5301LW,Zaltbommel
Valeton,6,A,30,5301LW,Zaltbommel
Valeton,6,A,31,5301LW,Zaltbommel
Valeton,6,A,32,5301LW,Zaltbommel
Valeton,6,A,33,5301LW,Zaltbommel
Valeton,6,A,34,5301LW,Zaltbommel
Valeton,6,A,35,5301LW,Zaltbommel
Valeton,6,A,36,5301LW,Zaltbommel
Valeton,6,A,37,5301LW,Zaltbommel
Valeton,6,A,4,5301LW,Zaltbommel
Valeton,6,A,5,5301LW,Zaltbommel
Valeton,6,A,6,5301LW,Zaltbommel
Valeton,6,A,7,5301LW,Zaltbommel
Valeton,6,A,8,5301LW,Zaltbommel
Valeton,6,A,9,5301LW,Zaltbommel
Valeton,7,A,"",5301LW,Zaltbommel
Valeton,7,B,"",5301LW,Zaltbommel
Valeton,7,C,"",5301LW,Zaltbommel
Valeton,8,"","",5301LW,Zaltbommel
Valeton,9,"","",5301LW,Zaltbommel
Valeton,9,"","",5301LW,Zaltbommel
Valeton,9,A,"",5301LW,Zaltbommel
Valeton,9,B,"",5301LW,Zaltbommel
Valeton,9,C,"",5301LW,Zaltbommel
Valeton,9,D,"",5301LW,Zaltbommel
Heksekamp,1,"","",5301LX,Zaltbommel
Heksekamp,1,"","",5301LX,Zaltbommel
Heksekamp,1,A,"",5301LX,Zaltbommel
Heksekamp,1,B,"",5301LX,Zaltbommel
Heksekamp,29,"","",5301LX,Zaltbommel
Heksekamp,3,"","",5301LX,Zaltbommel
Heksekamp,3,"","",5301LX,Zaltbommel
Heksekamp,31,"","",5301LX,Zaltbommel
Heksekamp,31,A,"",5301LX,Zaltbommel
Heksekamp,33,"","",5301LX,Zaltbommel
Heksekamp,5,"","",5301LX,Zaltbommel
Heksekamp,7,"","",5301LX,Zaltbommel
