straat,huisnummer,huisletter,toevoeging,postcode,plaats
Poortdijk,11,"","",3402BM,IJsselstein
Poortdijk,13,"","",3402BM,IJsselstein
Poortdijk,13,"","",3402BM,IJsselstein
Poortdijk,13,"","",3402BM,IJsselstein
Poortdijk,15,"","",3402BM,IJsselstein
Poortdijk,15,"","",3402BM,IJsselstein
Poortdijk,17,"","",3402BM,IJsselstein
Poortdijk,17,"","",3402BM,IJsselstein
Poortdijk,19,"","",3402BM,IJsselstein
Poortdijk,19,"","",3402BM,IJsselstein
Poortdijk,21,"","",3402BM,IJsselstein
Poortdijk,21,"","",3402BM,IJsselstein
Poortdijk,23,"","",3402BM,IJsselstein
Poortdijk,23,"","",3402BM,IJsselstein
Poortdijk,23,"","",3402BM,IJsselstein
Poortdijk,23,A,"",3402BM,IJsselstein
Poortdijk,25,"","",3402BM,IJsselstein
Poortdijk,25,"","",3402BM,IJsselstein
Poortdijk,27,"","",3402BM,IJsselstein
Poortdijk,27,"","",3402BM,IJsselstein
Poortdijk,29,"","",3402BM,IJsselstein
Poortdijk,29,"","",3402BM,IJsselstein
Poortdijk,31,"","",3402BM,IJsselstein
Poortdijk,31,"","",3402BM,IJsselstein
Poortdijk,41,"","",3402BM,IJsselstein
Poortdijk,41,"","",3402BM,IJsselstein
Poortdijk,43,"","",3402BM,IJsselstein
Poortdijk,43,"","",3402BM,IJsselstein
Poortdijk,45,"","",3402BM,IJsselstein
Poortdijk,45,"","",3402BM,IJsselstein
Poortdijk,47,"","",3402BM,IJsselstein
Poortdijk,47,"","",3402BM,IJsselstein
Poortdijk,49,"","",3402BM,IJsselstein
Poortdijk,49,"","",3402BM,IJsselstein
Poortdijk,7,"","",3402BM,IJsselstein
Poortdijk,7,"","",3402BM,IJsselstein
Poortdijk,9,"","",3402BM,IJsselstein
Poortdijk,9,"","",3402BM,IJsselstein
Zomerweg,1,A,"",3402BT,IJsselstein
Zomerweg,3,"","",3402BT,IJsselstein
Oranje Nassaulaan,36,"","",3402CS,IJsselstein
Oranje Nassaulaan,37,"","",3402CS,IJsselstein
Oranje Nassaulaan,38,"","",3402CS,IJsselstein
Oranje Nassaulaan,39,"","",3402CS,IJsselstein
Oranje Nassaulaan,40,"","",3402CS,IJsselstein
Oranje Nassaulaan,41,"","",3402CS,IJsselstein
Oranje Nassaulaan,42,"","",3402CS,IJsselstein
Oranje Nassaulaan,43,"","",3402CS,IJsselstein
Oranje Nassaulaan,44,"","",3402CS,IJsselstein
Oranje Nassaulaan,45,"","",3402CS,IJsselstein
Oranje Nassaulaan,46,"","",3402CS,IJsselstein
Oranje Nassaulaan,47,"","",3402CS,IJsselstein
Oranje Nassaulaan,48,"","",3402CS,IJsselstein
Oranje Nassaulaan,50,"","",3402CS,IJsselstein
Oranje Nassaulaan,50,"","",3402CS,IJsselstein
Oranje Nassaulaan,52,"","",3402CS,IJsselstein
Oranje Nassaulaan,52,"","",3402CS,IJsselstein
Prinses Amaliastraat,1,"","",3402CW,IJsselstein
Prinses Amaliastraat,1,"","",3402CW,IJsselstein
Prinses Amaliastraat,10,"","",3402CW,IJsselstein
Prinses Amaliastraat,10,"","",3402CW,IJsselstein
Prinses Amaliastraat,11,"","",3402CW,IJsselstein
Prinses Amaliastraat,11,"","",3402CW,IJsselstein
Prinses Amaliastraat,12,"","",3402CW,IJsselstein
Prinses Amaliastraat,12,"","",3402CW,IJsselstein
Prinses Amaliastraat,13,"","",3402CW,IJsselstein
Prinses Amaliastraat,13,"","",3402CW,IJsselstein
Prinses Amaliastraat,14,"","",3402CW,IJsselstein
Prinses Amaliastraat,14,"","",3402CW,IJsselstein
Prinses Amaliastraat,2,"","",3402CW,IJsselstein
Prinses Amaliastraat,2,"","",3402CW,IJsselstein
Prinses Amaliastraat,3,"","",3402CW,IJsselstein
Prinses Amaliastraat,3,"","",3402CW,IJsselstein
Prinses Amaliastraat,4,"","",3402CW,IJsselstein
Prinses Amaliastraat,4,"","",3402CW,IJsselstein
Prinses Amaliastraat,5,"","",3402CW,IJsselstein
Prinses Amaliastraat,5,"","",3402CW,IJsselstein
Prinses Amaliastraat,6,"","",3402CW,IJsselstein
Prinses Amaliastraat,6,"","",3402CW,IJsselstein
Prinses Amaliastraat,7,"","",3402CW,IJsselstein
Prinses Amaliastraat,7,"","",3402CW,IJsselstein
Prinses Amaliastraat,8,"","",3402CW,IJsselstein
Prinses Amaliastraat,8,"","",3402CW,IJsselstein
Prinses Amaliastraat,9,"","",3402CW,IJsselstein
Prinses Amaliastraat,9,"","",3402CW,IJsselstein
Prinses Maximahaven,1,"","",3402CX,IJsselstein
Prinses Maximahaven,1,"","",3402CX,IJsselstein
Prinses Maximahaven,10,"","",3402CX,IJsselstein
Prinses Maximahaven,10,"","",3402CX,IJsselstein
Prinses Maximahaven,11,"","",3402CX,IJsselstein
Prinses Maximahaven,11,"","",3402CX,IJsselstein
Prinses Maximahaven,12,"","",3402CX,IJsselstein
Prinses Maximahaven,12,"","",3402CX,IJsselstein
Prinses Maximahaven,13,"","",3402CX,IJsselstein
Prinses Maximahaven,13,"","",3402CX,IJsselstein
Prinses Maximahaven,14,"","",3402CX,IJsselstein
Prinses Maximahaven,14,"","",3402CX,IJsselstein
Prinses Maximahaven,15,"","",3402CX,IJsselstein
Prinses Maximahaven,15,"","",3402CX,IJsselstein
Prinses Maximahaven,16,"","",3402CX,IJsselstein
Prinses Maximahaven,16,"","",3402CX,IJsselstein
Prinses Maximahaven,18,"","",3402CX,IJsselstein
Prinses Maximahaven,18,"","",3402CX,IJsselstein
Prinses Maximahaven,2,"","",3402CX,IJsselstein
Prinses Maximahaven,2,"","",3402CX,IJsselstein
Prinses Maximahaven,20,"","",3402CX,IJsselstein
Prinses Maximahaven,20,"","",3402CX,IJsselstein
Prinses Maximahaven,22,"","",3402CX,IJsselstein
Prinses Maximahaven,22,"","",3402CX,IJsselstein
Prinses Maximahaven,24,"","",3402CX,IJsselstein
Prinses Maximahaven,24,"","",3402CX,IJsselstein
Prinses Maximahaven,26,"","",3402CX,IJsselstein
Prinses Maximahaven,26,"","",3402CX,IJsselstein
Prinses Maximahaven,28,"","",3402CX,IJsselstein
Prinses Maximahaven,28,"","",3402CX,IJsselstein
Prinses Maximahaven,3,"","",3402CX,IJsselstein
Prinses Maximahaven,3,"","",3402CX,IJsselstein
Prinses Maximahaven,30,"","",3402CX,IJsselstein
Prinses Maximahaven,30,"","",3402CX,IJsselstein
Prinses Maximahaven,32,"","",3402CX,IJsselstein
Prinses Maximahaven,32,"","",3402CX,IJsselstein
Prinses Maximahaven,34,"","",3402CX,IJsselstein
Prinses Maximahaven,34,"","",3402CX,IJsselstein
Prinses Maximahaven,36,"","",3402CX,IJsselstein
Prinses Maximahaven,36,"","",3402CX,IJsselstein
Prinses Maximahaven,38,"","",3402CX,IJsselstein
Prinses Maximahaven,38,"","",3402CX,IJsselstein
Prinses Maximahaven,4,"","",3402CX,IJsselstein
Prinses Maximahaven,4,"","",3402CX,IJsselstein
Prinses Maximahaven,40,"","",3402CX,IJsselstein
Prinses Maximahaven,40,"","",3402CX,IJsselstein
Prinses Maximahaven,42,"","",3402CX,IJsselstein
Prinses Maximahaven,42,"","",3402CX,IJsselstein
Prinses Maximahaven,44,"","",3402CX,IJsselstein
Prinses Maximahaven,44,"","",3402CX,IJsselstein
Prinses Maximahaven,46,"","",3402CX,IJsselstein
Prinses Maximahaven,46,"","",3402CX,IJsselstein
Prinses Maximahaven,48,"","",3402CX,IJsselstein
Prinses Maximahaven,48,"","",3402CX,IJsselstein
Prinses Maximahaven,5,"","",3402CX,IJsselstein
Prinses Maximahaven,5,"","",3402CX,IJsselstein
Prinses Maximahaven,50,"","",3402CX,IJsselstein
Prinses Maximahaven,50,"","",3402CX,IJsselstein
Prinses Maximahaven,52,"","",3402CX,IJsselstein
Prinses Maximahaven,52,"","",3402CX,IJsselstein
Prinses Maximahaven,6,"","",3402CX,IJsselstein
Prinses Maximahaven,6,"","",3402CX,IJsselstein
Prinses Maximahaven,7,"","",3402CX,IJsselstein
Prinses Maximahaven,7,"","",3402CX,IJsselstein
Prinses Maximahaven,8,"","",3402CX,IJsselstein
Prinses Maximahaven,8,"","",3402CX,IJsselstein
Prinses Maximahaven,9,"","",3402CX,IJsselstein
Prinses Maximahaven,9,"","",3402CX,IJsselstein
Koningin Emmahof,1,"","",3402CZ,IJsselstein
Koningin Emmahof,1,"","",3402CZ,IJsselstein
Koningin Emmahof,10,"","",3402CZ,IJsselstein
Koningin Emmahof,10,"","",3402CZ,IJsselstein
Koningin Emmahof,11,"","",3402CZ,IJsselstein
Koningin Emmahof,11,"","",3402CZ,IJsselstein
Koningin Emmahof,12,"","",3402CZ,IJsselstein
Koningin Emmahof,12,"","",3402CZ,IJsselstein
Koningin Emmahof,13,"","",3402CZ,IJsselstein
Koningin Emmahof,13,"","",3402CZ,IJsselstein
Koningin Emmahof,14,"","",3402CZ,IJsselstein
Koningin Emmahof,14,"","",3402CZ,IJsselstein
Koningin Emmahof,2,"","",3402CZ,IJsselstein
Koningin Emmahof,2,"","",3402CZ,IJsselstein
Koningin Emmahof,3,"","",3402CZ,IJsselstein
Koningin Emmahof,3,"","",3402CZ,IJsselstein
Koningin Emmahof,4,"","",3402CZ,IJsselstein
Koningin Emmahof,4,"","",3402CZ,IJsselstein
Koningin Emmahof,5,"","",3402CZ,IJsselstein
Koningin Emmahof,5,"","",3402CZ,IJsselstein
Koningin Emmahof,6,"","",3402CZ,IJsselstein
Koningin Emmahof,6,"","",3402CZ,IJsselstein
Koningin Emmahof,7,"","",3402CZ,IJsselstein
Koningin Emmahof,7,"","",3402CZ,IJsselstein
Koningin Emmahof,8,"","",3402CZ,IJsselstein
Koningin Emmahof,8,"","",3402CZ,IJsselstein
Koningin Emmahof,9,"","",3402CZ,IJsselstein
Koningin Emmahof,9,"","",3402CZ,IJsselstein
Praamplein,1,"","",3402MA,IJsselstein
Praamplein,1,"",TT,3402MA,IJsselstein
Veerkade,10,"","",3402MA,IJsselstein
Veerkade,12,"","",3402MA,IJsselstein
Veerkade,14,"","",3402MA,IJsselstein
Veerkade,16,"","",3402MA,IJsselstein
Veerkade,18,"","",3402MA,IJsselstein
Huis te Vliethof,2,"","",3402MA,Lopikerkapel
Huis te Vliethof,2,"","",3402MA,Lopikerkapel
Veerkade,20,"","",3402MA,IJsselstein
Veerkade,22,"","",3402MA,IJsselstein
Veerkade,24,"","",3402MA,IJsselstein
Veerkade,26,"","",3402MA,IJsselstein
Veerkade,28,"","",3402MA,IJsselstein
Veerkade,30,"","",3402MA,IJsselstein
Veerkade,32,"","",3402MA,IJsselstein
Veerkade,34,"","",3402MA,IJsselstein
Veerkade,36,"","",3402MA,IJsselstein
Veerkade,38,"","",3402MA,IJsselstein
Veerkade,4,"","",3402MA,IJsselstein
Veerkade,40,"","",3402MA,IJsselstein
Veerkade,42,"","",3402MA,IJsselstein
Veerkade,6,"","",3402MA,IJsselstein
Veerkade,8,"","",3402MA,IJsselstein
Zolderschuit,10,"","",3402MB,IJsselstein
Zolderschuit,11,"","",3402MB,IJsselstein
Zolderschuit,12,"","",3402MB,IJsselstein
Zolderschuit,13,"","",3402MB,IJsselstein
Zolderschuit,14,"","",3402MB,IJsselstein
Zolderschuit,15,"","",3402MB,IJsselstein
Zolderschuit,17,"","",3402MB,IJsselstein
Zolderschuit,5,"","",3402MB,IJsselstein
Zolderschuit,6,"","",3402MB,IJsselstein
Zolderschuit,7,"","",3402MB,IJsselstein
Zolderschuit,8,"","",3402MB,IJsselstein
Zolderschuit,9,"","",3402MB,IJsselstein
Trekschuit,1,"","",3402MC,IJsselstein
Trekschuit,15,"","",3402MC,IJsselstein
Trekschuit,17,"","",3402MC,IJsselstein
Trekschuit,19,"","",3402MC,IJsselstein
Trekschuit,21,"","",3402MC,IJsselstein
Trekschuit,23,"","",3402MC,IJsselstein
Trekschuit,25,"","",3402MC,IJsselstein
Trekschuit,27,"","",3402MC,IJsselstein
Trekschuit,29,"","",3402MC,IJsselstein
Trekschuit,3,"","",3402MC,IJsselstein
Trekschuit,31,"","",3402MC,IJsselstein
Trekschuit,33,"","",3402MC,IJsselstein
Trekschuit,35,"","",3402MC,IJsselstein
Trekschuit,37,"","",3402MC,IJsselstein
Trekschuit,39,"","",3402MC,IJsselstein
Trekschuit,41,"","",3402MC,IJsselstein
Trekschuit,43,"","",3402MC,IJsselstein
Trekschuit,43,A,"",3402MC,IJsselstein
Trekschuit,43,B,"",3402MC,IJsselstein
Trekschuit,45,"","",3402MC,IJsselstein
Trekschuit,45,A,"",3402MC,IJsselstein
Trekschuit,45,B,"",3402MC,IJsselstein
Trekschuit,47,"","",3402MC,IJsselstein
Trekschuit,49,"","",3402MC,IJsselstein
Trekschuit,5,"","",3402MC,IJsselstein
Trekschuit,51,"","",3402MC,IJsselstein
Trekschuit,51,"","",3402MC,IJsselstein
Trekschuit,53,"","",3402MC,IJsselstein
Trekschuit,53,"","",3402MC,IJsselstein
Trekschuit,55,"","",3402MC,IJsselstein
Trekschuit,55,"","",3402MC,IJsselstein
Trekschuit,7,"","",3402MC,IJsselstein
Trekschuit,9,"","",3402MC,IJsselstein
Praamplein,10,"","",3402MD,IJsselstein
Praamplein,12,"","",3402MD,IJsselstein
Praamplein,14,"","",3402MD,IJsselstein
Praamplein,14,"","",3402MD,IJsselstein
Praamplein,16,"","",3402MD,IJsselstein
Praamplein,18,"","",3402MD,IJsselstein
Praamplein,2,"","",3402MD,IJsselstein
Praamplein,20,"","",3402MD,IJsselstein
Praamplein,22,"","",3402MD,IJsselstein
Praamplein,24,"","",3402MD,IJsselstein
Praamplein,26,"","",3402MD,IJsselstein
Praamplein,28,"","",3402MD,IJsselstein
Praamplein,30,"","",3402MD,IJsselstein
Praamplein,32,"","",3402MD,IJsselstein
Praamplein,34,"","",3402MD,IJsselstein
Praamplein,4,"","",3402MD,IJsselstein
Praamplein,6,"","",3402MD,IJsselstein
Praamplein,8,"","",3402MD,IJsselstein
Melkschuit,1,"","",3402ME,IJsselstein
Melkschuit,10,"","",3402ME,IJsselstein
Melkschuit,11,"","",3402ME,IJsselstein
Melkschuit,12,"","",3402ME,IJsselstein
Melkschuit,13,"","",3402ME,IJsselstein
Melkschuit,14,"","",3402ME,IJsselstein
Melkschuit,15,"","",3402ME,IJsselstein
Melkschuit,16,"","",3402ME,IJsselstein
Melkschuit,17,"","",3402ME,IJsselstein
Melkschuit,18,"","",3402ME,IJsselstein
Melkschuit,19,"","",3402ME,IJsselstein
Melkschuit,2,"","",3402ME,IJsselstein
Melkschuit,20,"","",3402ME,IJsselstein
Melkschuit,21,"","",3402ME,IJsselstein
Melkschuit,22,"","",3402ME,IJsselstein
Melkschuit,23,"","",3402ME,IJsselstein
Melkschuit,24,"","",3402ME,IJsselstein
Melkschuit,25,"","",3402ME,IJsselstein
Melkschuit,3,"","",3402ME,IJsselstein
Melkschuit,4,"","",3402ME,IJsselstein
Melkschuit,5,"","",3402ME,IJsselstein
Melkschuit,6,"","",3402ME,IJsselstein
Melkschuit,7,"","",3402ME,IJsselstein
Melkschuit,8,"","",3402ME,IJsselstein
Melkschuit,9,"","",3402ME,IJsselstein
Steenschuit,1,"","",3402MG,IJsselstein
Steenschuit,1,"","",3402MG,IJsselstein
Steenschuit,10,"","",3402MG,IJsselstein
Steenschuit,10,"","",3402MG,IJsselstein
Steenschuit,11,"","",3402MG,IJsselstein
Steenschuit,11,"","",3402MG,IJsselstein
Steenschuit,12,"","",3402MG,IJsselstein
Steenschuit,12,"","",3402MG,IJsselstein
Steenschuit,13,"","",3402MG,IJsselstein
Steenschuit,13,"","",3402MG,IJsselstein
Steenschuit,14,"","",3402MG,IJsselstein
Steenschuit,14,"","",3402MG,IJsselstein
Steenschuit,15,"","",3402MG,IJsselstein
Steenschuit,15,"","",3402MG,IJsselstein
Steenschuit,16,"","",3402MG,IJsselstein
Steenschuit,16,"","",3402MG,IJsselstein
Steenschuit,17,"","",3402MG,IJsselstein
Steenschuit,17,"","",3402MG,IJsselstein
Steenschuit,18,"","",3402MG,IJsselstein
Steenschuit,19,"","",3402MG,IJsselstein
Steenschuit,2,"","",3402MG,IJsselstein
Steenschuit,2,"","",3402MG,IJsselstein
Steenschuit,3,"","",3402MG,IJsselstein
Steenschuit,3,"","",3402MG,IJsselstein
Steenschuit,4,"","",3402MG,IJsselstein
Steenschuit,4,"","",3402MG,IJsselstein
Steenschuit,5,"","",3402MG,IJsselstein
Steenschuit,5,"","",3402MG,IJsselstein
Steenschuit,6,"","",3402MG,IJsselstein
Steenschuit,6,"","",3402MG,IJsselstein
Steenschuit,7,"","",3402MG,IJsselstein
Steenschuit,7,"","",3402MG,IJsselstein
Steenschuit,8,"","",3402MG,IJsselstein
Steenschuit,8,"","",3402MG,IJsselstein
Steenschuit,9,"","",3402MG,IJsselstein
Steenschuit,9,"","",3402MG,IJsselstein
Turfschuit,1,"","",3402MH,IJsselstein
Turfschuit,1,"","",3402MH,IJsselstein
Turfschuit,10,"","",3402MH,IJsselstein
Turfschuit,10,"","",3402MH,IJsselstein
Turfschuit,11,"","",3402MH,IJsselstein
Turfschuit,11,"","",3402MH,IJsselstein
Turfschuit,12,"","",3402MH,IJsselstein
Turfschuit,12,"","",3402MH,IJsselstein
Turfschuit,13,"","",3402MH,IJsselstein
Turfschuit,13,"","",3402MH,IJsselstein
Turfschuit,14,"","",3402MH,IJsselstein
Turfschuit,14,"","",3402MH,IJsselstein
Turfschuit,15,"","",3402MH,IJsselstein
Turfschuit,15,"","",3402MH,IJsselstein
Turfschuit,16,"","",3402MH,IJsselstein
Turfschuit,16,"","",3402MH,IJsselstein
Turfschuit,17,"","",3402MH,IJsselstein
Turfschuit,17,"","",3402MH,IJsselstein
Turfschuit,18,"","",3402MH,IJsselstein
Turfschuit,19,"","",3402MH,IJsselstein
Turfschuit,2,"","",3402MH,IJsselstein
Turfschuit,2,"","",3402MH,IJsselstein
Turfschuit,3,"","",3402MH,IJsselstein
Turfschuit,3,"","",3402MH,IJsselstein
Turfschuit,4,"","",3402MH,IJsselstein
Turfschuit,4,"","",3402MH,IJsselstein
Turfschuit,5,"","",3402MH,IJsselstein
Turfschuit,5,"","",3402MH,IJsselstein
Turfschuit,6,"","",3402MH,IJsselstein
Turfschuit,6,"","",3402MH,IJsselstein
Turfschuit,7,"","",3402MH,IJsselstein
Turfschuit,7,"","",3402MH,IJsselstein
Turfschuit,8,"","",3402MH,IJsselstein
Turfschuit,8,"","",3402MH,IJsselstein
Turfschuit,9,"","",3402MH,IJsselstein
Turfschuit,9,"","",3402MH,IJsselstein
Zomerdijk,1,"","",3402MJ,IJsselstein
Zomerdijk,11,"","",3402MJ,IJsselstein
Zomerdijk,11,A,"",3402MJ,IJsselstein
Zomerdijk,11,B,"",3402MJ,IJsselstein
Zomerdijk,11,C,"",3402MJ,IJsselstein
Zomerdijk,11,D,"",3402MJ,IJsselstein
Zomerdijk,11,E,"",3402MJ,IJsselstein
Zomerdijk,11,F,"",3402MJ,IJsselstein
Zomerdijk,11,G,"",3402MJ,IJsselstein
Zomerdijk,11,H,"",3402MJ,IJsselstein
Zomerdijk,11,I,"",3402MJ,IJsselstein
Zomerdijk,11,J,"",3402MJ,IJsselstein
Zomerdijk,11,K,"",3402MJ,IJsselstein
Zomerdijk,11,L,"",3402MJ,IJsselstein
Zomerdijk,11,M,"",3402MJ,IJsselstein
Zomerdijk,11,N,"",3402MJ,IJsselstein
Zomerdijk,11,O,"",3402MJ,IJsselstein
Zomerdijk,11,P,"",3402MJ,IJsselstein
Zomerdijk,11,Q,"",3402MJ,IJsselstein
Zomerdijk,11,R,"",3402MJ,IJsselstein
Zomerdijk,11,S,"",3402MJ,IJsselstein
Zomerdijk,13,"","",3402MJ,IJsselstein
Zomerdijk,14,"","",3402MJ,IJsselstein
Zomerdijk,15,"","",3402MJ,IJsselstein
Zomerdijk,15,"","",3402MJ,IJsselstein
Zomerdijk,17,"","",3402MJ,IJsselstein
Zomerdijk,17,"","",3402MJ,IJsselstein
Zomerdijk,19,"","",3402MJ,IJsselstein
Zomerdijk,2,"","",3402MJ,IJsselstein
Zomerdijk,21,"","",3402MJ,IJsselstein
Zomerdijk,23,"","",3402MJ,IJsselstein
Zomerdijk,23,"","",3402MJ,IJsselstein
Zomerdijk,25,"","",3402MJ,IJsselstein
Zomerdijk,25,"","",3402MJ,IJsselstein
Zomerdijk,25,"","",3402MJ,IJsselstein
Zomerdijk,27,"","",3402MJ,IJsselstein
Zomerdijk,27,"","",3402MJ,IJsselstein
Zomerdijk,27,"","",3402MJ,IJsselstein
Zomerdijk,27,"","",3402MJ,IJsselstein
Zomerdijk,37,"","",3402MJ,IJsselstein
Zomerdijk,39,"","",3402MJ,IJsselstein
Zomerdijk,41,"","",3402MJ,IJsselstein
Zomerdijk,41,A,"",3402MJ,IJsselstein
Zomerdijk,41,B,"",3402MJ,IJsselstein
Zomerdijk,42,"","",3402MJ,IJsselstein
Zomerdijk,42,"","",3402MJ,IJsselstein
Zomerdijk,42,A,"",3402MJ,IJsselstein
Zomerdijk,42,B,"",3402MJ,IJsselstein
Zomerdijk,42,C,"",3402MJ,IJsselstein
Zomerdijk,43,"","",3402MJ,IJsselstein
Zomerdijk,45,"","",3402MJ,IJsselstein
Zomerdijk,45,"","",3402MJ,IJsselstein
Zomerdijk,6,A,"",3402MJ,IJsselstein
Zomerdijk,6,B,"",3402MJ,IJsselstein
Zomerdijk,6,C,"",3402MJ,IJsselstein
Zomerdijk,6,D,"",3402MJ,IJsselstein
Zomerdijk,6,E,"",3402MJ,IJsselstein
Zomerdijk,6,F,"",3402MJ,IJsselstein
Zomerdijk,7,"","",3402MJ,IJsselstein
Zomerdijk,7,"","",3402MJ,IJsselstein
Zomerdijk,9,"","",3402MJ,IJsselstein
Utrechtseweg,1,"","",3402PL,IJsselstein
Utrechtseweg,10,"","",3402PL,IJsselstein
Utrechtseweg,11,"","",3402PL,IJsselstein
Utrechtseweg,12,"","",3402PL,IJsselstein
Utrechtseweg,13,"","",3402PL,IJsselstein
Utrechtseweg,14,"","",3402PL,IJsselstein
Utrechtseweg,15,"","",3402PL,IJsselstein
Utrechtseweg,16,"","",3402PL,IJsselstein
Utrechtseweg,17,"","",3402PL,IJsselstein
Utrechtseweg,18,"","",3402PL,IJsselstein
Utrechtseweg,19,"","",3402PL,IJsselstein
Utrechtseweg,2,"","",3402PL,IJsselstein
Utrechtseweg,20,"","",3402PL,IJsselstein
Utrechtseweg,21,"","",3402PL,IJsselstein
Utrechtseweg,22,"","",3402PL,IJsselstein
Utrechtseweg,23,"","",3402PL,IJsselstein
Utrechtseweg,24,"","",3402PL,IJsselstein
Utrechtseweg,25,"","",3402PL,IJsselstein
Utrechtseweg,26,"","",3402PL,IJsselstein
Utrechtseweg,27,"","",3402PL,IJsselstein
Utrechtseweg,28,"","",3402PL,IJsselstein
Utrechtseweg,29,"","",3402PL,IJsselstein
Utrechtseweg,3,"","",3402PL,IJsselstein
Utrechtseweg,31,"","",3402PL,IJsselstein
Utrechtseweg,32,"","",3402PL,IJsselstein
Utrechtseweg,33,"","",3402PL,IJsselstein
Utrechtseweg,34,"","",3402PL,IJsselstein
Utrechtseweg,34,"","",3402PL,IJsselstein
Utrechtseweg,34,"","",3402PL,IJsselstein
Utrechtseweg,34,A,"",3402PL,IJsselstein
Utrechtseweg,34,A,"",3402PL,IJsselstein
Utrechtseweg,34,A,"",3402PL,IJsselstein
Utrechtseweg,34,B,"",3402PL,IJsselstein
Utrechtseweg,34,B,"",3402PL,IJsselstein
Utrechtseweg,34,B,"",3402PL,IJsselstein
Utrechtseweg,34,D,"",3402PL,IJsselstein
Utrechtseweg,34,D,"",3402PL,IJsselstein
Utrechtseweg,34,E,"",3402PL,IJsselstein
Utrechtseweg,34,G,"",3402PL,IJsselstein
Utrechtseweg,34,G,"",3402PL,IJsselstein
Utrechtseweg,35,"","",3402PL,IJsselstein
Utrechtseweg,36,"","",3402PL,IJsselstein
Utrechtseweg,36,A,"",3402PL,IJsselstein
Utrechtseweg,36,A,"",3402PL,IJsselstein
Utrechtseweg,36,A,"",3402PL,IJsselstein
Utrechtseweg,37,"","",3402PL,IJsselstein
Utrechtseweg,38,"","",3402PL,IJsselstein
Utrechtseweg,39,"","",3402PL,IJsselstein
Utrechtseweg,4,"","",3402PL,IJsselstein
Utrechtseweg,41,"","",3402PL,IJsselstein
Utrechtseweg,43,"","",3402PL,IJsselstein
Utrechtseweg,45,"","",3402PL,IJsselstein
Utrechtseweg,47,"","",3402PL,IJsselstein
Utrechtseweg,5,"","",3402PL,IJsselstein
Utrechtseweg,6,"","",3402PL,IJsselstein
Utrechtseweg,7,"","",3402PL,IJsselstein
Utrechtseweg,8,"","",3402PL,IJsselstein
Utrechtseweg,9,"","",3402PL,IJsselstein
