straat,huisnummer,huisletter,toevoeging,postcode,plaats
Noordzijde,1,"","",4225PG,Noordeloos
Noordzijde,1,A,"",4225PG,Noordeloos
Noordzijde,10,"","",4225PG,Noordeloos
Noordzijde,12,"","",4225PG,Noordeloos
Noordzijde,12,A,"",4225PG,Noordeloos
Noordzijde,13,"","",4225PG,Noordeloos
Noordzijde,13,A,"",4225PG,Noordeloos
Noordzijde,13,B,"",4225PG,Noordeloos
Noordzijde,14,"","",4225PG,Noordeloos
Noordzijde,15,"","",4225PG,Noordeloos
Noordzijde,15,"",I,4225PG,Noordeloos
Noordzijde,2,"","",4225PG,Noordeloos
Noordzijde,20,"","",4225PG,Noordeloos
Noordzijde,21,"","",4225PG,Noordeloos
Noordzijde,3,"","",4225PG,Noordeloos
Noordzijde,3,"",I,4225PG,Noordeloos
Noordzijde,4,"","",4225PG,Noordeloos
Noordzijde,5,"","",4225PG,Noordeloos
Noordzijde,6,"","",4225PG,Noordeloos
Noordzijde,6,"",I,4225PG,Noordeloos
Noordzijde,6,A,"",4225PG,Noordeloos
Noordzijde,7,"","",4225PG,Noordeloos
Noordzijde,8,"","",4225PG,Noordeloos
Noordzijde,9,"","",4225PG,Noordeloos
Noordzijde,22,"","",4225PH,Noordeloos
Noordzijde,23,"","",4225PH,Noordeloos
Noordzijde,24,"","",4225PH,Noordeloos
Noordzijde,25,"","",4225PH,Noordeloos
Noordzijde,26,"","",4225PH,Noordeloos
Noordzijde,26,A,"",4225PH,Noordeloos
Noordzijde,27,"","",4225PH,Noordeloos
Noordzijde,27,A,"",4225PH,Noordeloos
Noordzijde,27,B,"",4225PH,Noordeloos
Noordzijde,27,B,"",4225PH,Noordeloos
Noordzijde,27,C,"",4225PH,Noordeloos
Noordzijde,27,D,"",4225PH,Noordeloos
Noordzijde,28,"","",4225PH,Noordeloos
Noordzijde,28,"",I,4225PH,Noordeloos
Noordzijde,28,"",II,4225PH,Noordeloos
Noordzijde,29,"","",4225PH,Noordeloos
Noordzijde,29,"",I,4225PH,Noordeloos
Noordzijde,29,"",II,4225PH,Noordeloos
Noordzijde,31,"","",4225PH,Noordeloos
Noordzijde,31,"",I,4225PH,Noordeloos
Noordzijde,31,"",II,4225PH,Noordeloos
Noordzijde,32,"","",4225PH,Noordeloos
Noordzijde,33,"","",4225PH,Noordeloos
Noordzijde,34,"","",4225PH,Noordeloos
Noordzijde,35,"","",4225PH,Noordeloos
Noordzijde,36,"","",4225PH,Noordeloos
Noordzijde,37,"","",4225PJ,Noordeloos
Noordzijde,43,"","",4225PJ,Noordeloos
Noordzijde,44,"","",4225PJ,Noordeloos
Noordzijde,52,"","",4225PJ,Noordeloos
Noordzijde,53,"","",4225PJ,Noordeloos
Noordzijde,54,"","",4225PJ,Noordeloos
Noordzijde,55,"","",4225PJ,Noordeloos
Noordzijde,55,"","",4225PJ,Noordeloos
Noordzijde,56,"","",4225PJ,Noordeloos
Noordzijde,56,A,"",4225PJ,Noordeloos
Noordzijde,57,"","",4225PJ,Noordeloos
Noordzijde,57,"","",4225PJ,Noordeloos
Noordzijde,57,A,"",4225PJ,Noordeloos
Noordzijde,57,B,"",4225PJ,Noordeloos
Noordzijde,58,"","",4225PJ,Noordeloos
Noordzijde,59,"","",4225PJ,Noordeloos
Noordzijde,60,"","",4225PJ,Noordeloos
Noordzijde,61,"","",4225PJ,Noordeloos
Noordzijde,62,"","",4225PJ,Noordeloos
Noordzijde,64,"","",4225PJ,Noordeloos
Noordzijde,65,"","",4225PJ,Noordeloos
Noordzijde,66,"","",4225PJ,Noordeloos
Noordzijde,67,"","",4225PJ,Noordeloos
Noordzijde,68,"","",4225PK,Noordeloos
Noordzijde,69,"","",4225PK,Noordeloos
Noordzijde,70,"","",4225PK,Noordeloos
Noordzijde,72,"","",4225PK,Noordeloos
Noordzijde,73,"","",4225PK,Noordeloos
Noordzijde,74,"",I,4225PK,Noordeloos
Noordzijde,75,"","",4225PK,Noordeloos
Noordzijde,76,"","",4225PK,Noordeloos
Noordzijde,77,"","",4225PK,Noordeloos
Noordzijde,77,A,"",4225PK,Noordeloos
Noordzijde,78,"","",4225PK,Noordeloos
Noordzijde,80,"","",4225PK,Noordeloos
Noordzijde,81,"","",4225PK,Noordeloos
Noordzijde,82,"","",4225PK,Noordeloos
Noordzijde,83,"","",4225PK,Noordeloos
Noordzijde,84,"","",4225PK,Noordeloos
Noordzijde,85,"","",4225PK,Noordeloos
Noordzijde,86,"","",4225PK,Noordeloos
Noordzijde,86,A,"",4225PK,Noordeloos
Noordzijde,87,"","",4225PK,Noordeloos
Noordzijde,87,"",I,4225PK,Noordeloos
Noordzijde,88,"","",4225PK,Noordeloos
Noordzijde,89,"","",4225PK,Noordeloos
Noordzijde,89,"","",4225PK,Noordeloos
Noordzijde,89,"","",4225PK,Noordeloos
Noordzijde,89,"",I,4225PK,Noordeloos
Noordzijde,89,A,"",4225PK,Noordeloos
Noordzijde,89,I,"",4225PK,Noordeloos
Singel,1,"","",4225PP,Noordeloos
Singel,1,A,"",4225PP,Noordeloos
Singel,1,B,"",4225PP,Noordeloos
Botersloot,10,"","",4225PP,Noordeloos
Botersloot,10,A,"",4225PP,Noordeloos
Botersloot,11,"","",4225PP,Noordeloos
Botersloot,12,"","",4225PP,Noordeloos
Botersloot,12,"",I,4225PP,Noordeloos
Botersloot,12,"",I,4225PP,Noordeloos
Botersloot,12,B,"",4225PP,Noordeloos
Botersloot,13,"","",4225PP,Noordeloos
Botersloot,14,"","",4225PP,Noordeloos
Botersloot,15,"","",4225PP,Noordeloos
Botersloot,15,"",I,4225PP,Noordeloos
Botersloot,16,"","",4225PP,Noordeloos
Botersloot,17,"","",4225PP,Noordeloos
Botersloot,19,"","",4225PP,Noordeloos
Botersloot,2,"",I,4225PP,Noordeloos
Botersloot,2,A,"",4225PP,Noordeloos
Botersloot,20,"","",4225PP,Noordeloos
Botersloot,20,A,"",4225PP,Noordeloos
Botersloot,3,"","",4225PP,Noordeloos
Botersloot,4,"","",4225PP,Noordeloos
Botersloot,5,"","",4225PP,Noordeloos
Botersloot,6,"","",4225PP,Noordeloos
Botersloot,6,A,"",4225PP,Noordeloos
Botersloot,6,B,"",4225PP,Noordeloos
Botersloot,6,C,"",4225PP,Noordeloos
Botersloot,9,"","",4225PP,Noordeloos
Botersloot,1,"","",4225PR,Noordeloos
Botersloot,21,"","",4225PR,Noordeloos
Botersloot,22,"","",4225PR,Noordeloos
Botersloot,22,"",I,4225PR,Noordeloos
Botersloot,22,A,"",4225PR,Noordeloos
Botersloot,23,"","",4225PR,Noordeloos
Botersloot,23,A,"",4225PR,Noordeloos
Botersloot,24,"","",4225PR,Noordeloos
Botersloot,25,"","",4225PR,Noordeloos
Botersloot,25,"",I,4225PR,Noordeloos
Botersloot,26,"","",4225PR,Noordeloos
Botersloot,27,"","",4225PR,Noordeloos
Botersloot,28,"","",4225PR,Noordeloos
Botersloot,29,"","",4225PR,Noordeloos
Botersloot,30,"","",4225PR,Noordeloos
Botersloot,30,"",A,4225PR,Noordeloos
Botersloot,30,"",I,4225PR,Noordeloos
Botersloot,30,A,"",4225PR,Noordeloos
Botersloot,30,B,"",4225PR,Noordeloos
Botersloot,30,C,"",4225PR,Noordeloos
Botersloot,30,D,"",4225PR,Noordeloos
Botersloot,30,E,"",4225PR,Noordeloos
Botersloot,30,G,"",4225PR,Noordeloos
Botersloot,31,"","",4225PR,Noordeloos
Botersloot,33,"","",4225PR,Noordeloos
Botersloot,34,"","",4225PR,Noordeloos
Botersloot,35,"","",4225PR,Noordeloos
Botersloot,36,"","",4225PR,Noordeloos
Botersloot,36,"",I,4225PR,Noordeloos
Botersloot,36,"",II,4225PR,Noordeloos
Botersloot,36,"",III,4225PR,Noordeloos
Botersloot,36,"",IV,4225PR,Noordeloos
Botersloot,36,"",IX,4225PR,Noordeloos
Botersloot,36,"",V,4225PR,Noordeloos
Botersloot,36,"",VI,4225PR,Noordeloos
Botersloot,36,"",VII,4225PR,Noordeloos
Botersloot,36,"",VIII,4225PR,Noordeloos
Botersloot,37,"","",4225PR,Noordeloos
Botersloot,38,"","",4225PR,Noordeloos
Botersloot,39,"","",4225PR,Noordeloos
Botersloot,39,"",I,4225PR,Noordeloos
Botersloot,40,"","",4225PR,Noordeloos
Botersloot,41,"","",4225PR,Noordeloos
Botersloot,42,"","",4225PR,Noordeloos
Botersloot,43,"","",4225PR,Noordeloos
Botersloot,44,"","",4225PR,Noordeloos
Botersloot,44,"",II,4225PR,Noordeloos
Singel,11,"","",4225PT,Noordeloos
Singel,13,"","",4225PT,Noordeloos
Singel,15,"","",4225PT,Noordeloos
Singel,17,"","",4225PT,Noordeloos
Singel,3,"","",4225PT,Noordeloos
Singel,5,"","",4225PT,Noordeloos
Singel,7,"","",4225PT,Noordeloos
Singel,9,"","",4225PT,Noordeloos
Singel,2,"","",4225PV,Noordeloos
Singel,2,"","",4225PV,Noordeloos
Singel,2,A,"",4225PV,Noordeloos
Singel,2,A,"",4225PV,Noordeloos
Singel,2,B,"",4225PV,Noordeloos
Singel,2,C,"",4225PV,Noordeloos
Singel,2,D,"",4225PV,Noordeloos
Singel,2,E,"",4225PV,Noordeloos
Singel,2,G,"",4225PV,Noordeloos
Singel,4,"","",4225PV,Noordeloos
Singel,4,A,"",4225PV,Noordeloos
Singel,4,A,"",4225PV,Noordeloos
Singel,4,B,"",4225PV,Noordeloos
Singel,4,C,"",4225PV,Noordeloos
Singel,4,D,"",4225PV,Noordeloos
Singel,6,"","",4225PV,Noordeloos
Singel,6,A,"",4225PV,Noordeloos
Singel,6,A,"",4225PV,Noordeloos
Singel,6,B,"",4225PV,Noordeloos
Singel,8,"","",4225PV,Noordeloos
Rietvelderf,1,"","",4225PW,Noordeloos
Rietvelderf,10,"","",4225PW,Noordeloos
Rietvelderf,11,"","",4225PW,Noordeloos
Rietvelderf,12,"","",4225PW,Noordeloos
Rietvelderf,13,"","",4225PW,Noordeloos
Rietvelderf,14,"","",4225PW,Noordeloos
Rietvelderf,15,"","",4225PW,Noordeloos
Rietvelderf,16,"","",4225PW,Noordeloos
Rietvelderf,17,"","",4225PW,Noordeloos
Rietvelderf,18,"","",4225PW,Noordeloos
Rietvelderf,19,"","",4225PW,Noordeloos
Rietvelderf,2,"","",4225PW,Noordeloos
Rietvelderf,20,"","",4225PW,Noordeloos
Rietvelderf,21,"","",4225PW,Noordeloos
Rietvelderf,22,"","",4225PW,Noordeloos
Rietvelderf,23,"","",4225PW,Noordeloos
Rietvelderf,24,"","",4225PW,Noordeloos
Rietvelderf,25,"","",4225PW,Noordeloos
Rietvelderf,26,"","",4225PW,Noordeloos
Rietvelderf,27,"","",4225PW,Noordeloos
Rietvelderf,28,"","",4225PW,Noordeloos
Rietvelderf,29,"","",4225PW,Noordeloos
Rietvelderf,3,"","",4225PW,Noordeloos
Rietvelderf,30,"","",4225PW,Noordeloos
Rietvelderf,31,"","",4225PW,Noordeloos
Rietvelderf,32,"","",4225PW,Noordeloos
Rietvelderf,33,"","",4225PW,Noordeloos
Rietvelderf,34,"","",4225PW,Noordeloos
Rietvelderf,35,"","",4225PW,Noordeloos
Rietvelderf,36,"","",4225PW,Noordeloos
Rietvelderf,37,"","",4225PW,Noordeloos
Rietvelderf,38,"","",4225PW,Noordeloos
Rietvelderf,4,"","",4225PW,Noordeloos
Rietvelderf,5,"","",4225PW,Noordeloos
Rietvelderf,6,"","",4225PW,Noordeloos
Rietvelderf,7,"","",4225PW,Noordeloos
Rietvelderf,8,"","",4225PW,Noordeloos
Rietvelderf,9,"","",4225PW,Noordeloos
M.J. Veder- van Hobokenstraat,1,"","",4225RA,Noordeloos
M.J. Veder- van Hobokenstraat,10,"","",4225RA,Noordeloos
M.J. Veder- van Hobokenstraat,11,"","",4225RA,Noordeloos
M.J. Veder- van Hobokenstraat,12,"","",4225RA,Noordeloos
M.J. Veder- van Hobokenstraat,12,A,"",4225RA,Noordeloos
M.J. Veder- van Hobokenstraat,13,"","",4225RA,Noordeloos
M.J. Veder- van Hobokenstraat,14,"","",4225RA,Noordeloos
M.J. Veder- van Hobokenstraat,15,"","",4225RA,Noordeloos
M.J. Veder- van Hobokenstraat,15,A,"",4225RA,Noordeloos
M.J. Veder- van Hobokenstraat,15,B,"",4225RA,Noordeloos
M.J. Veder- van Hobokenstraat,15,D,"",4225RA,Noordeloos
M.J. Veder- van Hobokenstraat,15,E,"",4225RA,Noordeloos
M.J. Veder- van Hobokenstraat,16,"","",4225RA,Noordeloos
M.J. Veder- van Hobokenstraat,16,A,"",4225RA,Noordeloos
M.J. Veder- van Hobokenstraat,16,B,"",4225RA,Noordeloos
M.J. Veder- van Hobokenstraat,16,C,"",4225RA,Noordeloos
M.J. Veder- van Hobokenstraat,16,D,"",4225RA,Noordeloos
M.J. Veder- van Hobokenstraat,17,"","",4225RA,Noordeloos
M.J. Veder- van Hobokenstraat,18,"","",4225RA,Noordeloos
M.J. Veder- van Hobokenstraat,19,"","",4225RA,Noordeloos
M.J. Veder- van Hobokenstraat,2,"","",4225RA,Noordeloos
M.J. Veder- van Hobokenstraat,20,"","",4225RA,Noordeloos
M.J. Veder- van Hobokenstraat,21,"","",4225RA,Noordeloos
M.J. Veder- van Hobokenstraat,22,"","",4225RA,Noordeloos
M.J. Veder- van Hobokenstraat,23,"","",4225RA,Noordeloos
M.J. Veder- van Hobokenstraat,23,A,"",4225RA,Noordeloos
M.J. Veder- van Hobokenstraat,23,A,"",4225RA,Noordeloos
M.J. Veder- van Hobokenstraat,23,B,"",4225RA,Noordeloos
M.J. Veder- van Hobokenstraat,23,B,"",4225RA,Noordeloos
M.J. Veder- van Hobokenstraat,23,C,"",4225RA,Noordeloos
M.J. Veder- van Hobokenstraat,23,D,"",4225RA,Noordeloos
M.J. Veder- van Hobokenstraat,3,"","",4225RA,Noordeloos
M.J. Veder- van Hobokenstraat,4,"","",4225RA,Noordeloos
M.J. Veder- van Hobokenstraat,5,"","",4225RA,Noordeloos
M.J. Veder- van Hobokenstraat,6,"","",4225RA,Noordeloos
M.J. Veder- van Hobokenstraat,6,A,"",4225RA,Noordeloos
M.J. Veder- van Hobokenstraat,7,"","",4225RA,Noordeloos
M.J. Veder- van Hobokenstraat,7,A,"",4225RA,Noordeloos
M.J. Veder- van Hobokenstraat,8,"","",4225RA,Noordeloos
M.J. Veder- van Hobokenstraat,9,"","",4225RA,Noordeloos
Van Brederodestraat,1,"","",4225RB,Noordeloos
Van Brederodestraat,11,"","",4225RB,Noordeloos
Van Brederodestraat,13,"","",4225RB,Noordeloos
Van Brederodestraat,15,"","",4225RB,Noordeloos
Van Brederodestraat,17,"","",4225RB,Noordeloos
Van Brederodestraat,19,"","",4225RB,Noordeloos
Van Brederodestraat,21,"","",4225RB,Noordeloos
Van Brederodestraat,23,"","",4225RB,Noordeloos
Van Brederodestraat,25,"","",4225RB,Noordeloos
Van Brederodestraat,27,"","",4225RB,Noordeloos
Van Brederodestraat,27,A,"",4225RB,Noordeloos
Van Brederodestraat,29,"","",4225RB,Noordeloos
Van Brederodestraat,3,"","",4225RB,Noordeloos
Van Brederodestraat,5,"","",4225RB,Noordeloos
Van Brederodestraat,7,"","",4225RB,Noordeloos
Van Brederodestraat,9,"","",4225RB,Noordeloos
Van Brederodestraat,31,"","",4225RC,Noordeloos
Van Brederodestraat,33,"","",4225RC,Noordeloos
Van Brederodestraat,33,A,"",4225RC,Noordeloos
Van Brederodestraat,33,B,"",4225RC,Noordeloos
Van Brederodestraat,35,"","",4225RC,Noordeloos
Van Brederodestraat,37,"","",4225RC,Noordeloos
Van Brederodestraat,39,"","",4225RC,Noordeloos
Van Brederodestraat,41,"","",4225RC,Noordeloos
Van Brederodestraat,43,"","",4225RC,Noordeloos
Van Brederodestraat,45,"","",4225RC,Noordeloos
Van Brederodestraat,47,"","",4225RC,Noordeloos
Van Brederodestraat,49,"","",4225RC,Noordeloos
Van Brederodestraat,51,"","",4225RC,Noordeloos
Van Brederodestraat,53,"","",4225RC,Noordeloos
Van Brederodestraat,55,"","",4225RC,Noordeloos
Van Brederodestraat,57,"","",4225RC,Noordeloos
Van Brederodestraat,59,"","",4225RC,Noordeloos
Van Brederodestraat,61,"","",4225RC,Noordeloos
Van Brederodestraat,10,"","",4225RD,Noordeloos
Van Brederodestraat,12,"","",4225RD,Noordeloos
Van Brederodestraat,14,"","",4225RD,Noordeloos
Van Brederodestraat,16,"","",4225RD,Noordeloos
Van Brederodestraat,18,"","",4225RD,Noordeloos
Van Brederodestraat,2,"","",4225RD,Noordeloos
Van Brederodestraat,20,"","",4225RD,Noordeloos
Van Brederodestraat,20,B,"",4225RD,Noordeloos
Van Brederodestraat,22,"","",4225RD,Noordeloos
Van Brederodestraat,24,"","",4225RD,Noordeloos
Van Brederodestraat,26,"","",4225RD,Noordeloos
Van Brederodestraat,28,"","",4225RD,Noordeloos
Van Brederodestraat,30,"","",4225RD,Noordeloos
Van Brederodestraat,32,"","",4225RD,Noordeloos
Van Brederodestraat,34,"","",4225RD,Noordeloos
Van Brederodestraat,36,"","",4225RD,Noordeloos
Van Brederodestraat,38,"","",4225RD,Noordeloos
Van Brederodestraat,4,"","",4225RD,Noordeloos
Van Brederodestraat,6,"","",4225RD,Noordeloos
Van Brederodestraat,8,"","",4225RD,Noordeloos
Van Brederodestraat,40,"","",4225RE,Noordeloos
Van Brederodestraat,42,"","",4225RE,Noordeloos
Van Brederodestraat,44,"","",4225RE,Noordeloos
Van Brederodestraat,46,"","",4225RE,Noordeloos
Van Brederodestraat,48,"","",4225RE,Noordeloos
Van Brederodestraat,50,"","",4225RE,Noordeloos
Van Brederodestraat,52,"","",4225RE,Noordeloos
Van Brederodestraat,54,"","",4225RE,Noordeloos
Van Brederodestraat,56,"","",4225RE,Noordeloos
Van Brederodestraat,58,"","",4225RE,Noordeloos
Van Brederodestraat,60,"","",4225RE,Noordeloos
Van Brederodestraat,62,"","",4225RE,Noordeloos
Van Brederodestraat,64,"","",4225RE,Noordeloos
Van Brederodestraat,66,"","",4225RE,Noordeloos
Van Brederodestraat,68,"","",4225RE,Noordeloos
Kerkstraat,1,"","",4225RG,Noordeloos
Kerkstraat,10,"","",4225RG,Noordeloos
Kerkstraat,11,"","",4225RG,Noordeloos
Kerkstraat,12,"","",4225RG,Noordeloos
Kerkstraat,13,"","",4225RG,Noordeloos
Kerkstraat,2,"","",4225RG,Noordeloos
Kerkstraat,2,A,"",4225RG,Noordeloos
Kerkstraat,3,B,"",4225RG,Noordeloos
Kerkstraat,3,C,"",4225RG,Noordeloos
Kerkstraat,4,"","",4225RG,Noordeloos
Kerkstraat,5,"","",4225RG,Noordeloos
Kerkstraat,6,"","",4225RG,Noordeloos
Kerkstraat,6,A,"",4225RG,Noordeloos
Kerkstraat,6,B,"",4225RG,Noordeloos
Kerkstraat,6,C,"",4225RG,Noordeloos
Kerkstraat,6,D,"",4225RG,Noordeloos
Kerkstraat,6,E,"",4225RG,Noordeloos
Kerkstraat,7,"","",4225RG,Noordeloos
Kerkstraat,8,"","",4225RG,Noordeloos
Kerkstraat,9,"","",4225RG,Noordeloos
Martinus van Barneveltstraat,1,"","",4225RH,Noordeloos
Martinus van Barneveltstraat,1,A,"",4225RH,Noordeloos
Martinus van Barneveltstraat,10,"","",4225RH,Noordeloos
Martinus van Barneveltstraat,11,"","",4225RH,Noordeloos
Martinus van Barneveltstraat,12,"","",4225RH,Noordeloos
Martinus van Barneveltstraat,2,"","",4225RH,Noordeloos
Martinus van Barneveltstraat,3,"","",4225RH,Noordeloos
Martinus van Barneveltstraat,4,"","",4225RH,Noordeloos
Martinus van Barneveltstraat,5,"","",4225RH,Noordeloos
Martinus van Barneveltstraat,6,"","",4225RH,Noordeloos
Martinus van Barneveltstraat,7,"","",4225RH,Noordeloos
Martinus van Barneveltstraat,8,"","",4225RH,Noordeloos
Martinus van Barneveltstraat,9,"","",4225RH,Noordeloos
J.A. van Vurenstraat,1,"","",4225RJ,Noordeloos
J.A. van Vurenstraat,1,"","",4225RJ,Noordeloos
J.A. van Vurenstraat,1,A,"",4225RJ,Noordeloos
J.A. van Vurenstraat,1,B,"",4225RJ,Noordeloos
J.A. van Vurenstraat,1,C,"",4225RJ,Noordeloos
J.A. van Vurenstraat,1,D,"",4225RJ,Noordeloos
J.A. van Vurenstraat,11,"","",4225RJ,Noordeloos
J.A. van Vurenstraat,13,"","",4225RJ,Noordeloos
J.A. van Vurenstraat,15,"","",4225RJ,Noordeloos
J.A. van Vurenstraat,17,"","",4225RJ,Noordeloos
J.A. van Vurenstraat,19,"","",4225RJ,Noordeloos
J.A. van Vurenstraat,21,"","",4225RJ,Noordeloos
J.A. van Vurenstraat,23,"","",4225RJ,Noordeloos
J.A. van Vurenstraat,25,"","",4225RJ,Noordeloos
J.A. van Vurenstraat,27,"","",4225RJ,Noordeloos
J.A. van Vurenstraat,29,"","",4225RJ,Noordeloos
J.A. van Vurenstraat,3,"","",4225RJ,Noordeloos
J.A. van Vurenstraat,31,"","",4225RJ,Noordeloos
J.A. van Vurenstraat,33,"","",4225RJ,Noordeloos
J.A. van Vurenstraat,5,"","",4225RJ,Noordeloos
J.A. van Vurenstraat,7,"","",4225RJ,Noordeloos
J.A. van Vurenstraat,9,"","",4225RJ,Noordeloos
J.A. van Vurenstraat,10,"","",4225RK,Noordeloos
J.A. van Vurenstraat,12,"","",4225RK,Noordeloos
J.A. van Vurenstraat,14,"","",4225RK,Noordeloos
J.A. van Vurenstraat,16,"","",4225RK,Noordeloos
J.A. van Vurenstraat,18,"","",4225RK,Noordeloos
J.A. van Vurenstraat,2,"","",4225RK,Noordeloos
J.A. van Vurenstraat,20,"","",4225RK,Noordeloos
J.A. van Vurenstraat,22,"","",4225RK,Noordeloos
J.A. van Vurenstraat,24,"","",4225RK,Noordeloos
J.A. van Vurenstraat,26,"","",4225RK,Noordeloos
J.A. van Vurenstraat,28,"","",4225RK,Noordeloos
J.A. van Vurenstraat,30,"","",4225RK,Noordeloos
J.A. van Vurenstraat,32,"","",4225RK,Noordeloos
J.A. van Vurenstraat,34,"","",4225RK,Noordeloos
J.A. van Vurenstraat,36,"","",4225RK,Noordeloos
J.A. van Vurenstraat,38,"","",4225RK,Noordeloos
J.A. van Vurenstraat,4,"","",4225RK,Noordeloos
J.A. van Vurenstraat,40,"","",4225RK,Noordeloos
J.A. van Vurenstraat,42,"","",4225RK,Noordeloos
J.A. van Vurenstraat,44,"","",4225RK,Noordeloos
J.A. van Vurenstraat,46,"","",4225RK,Noordeloos
J.A. van Vurenstraat,48,"","",4225RK,Noordeloos
J.A. van Vurenstraat,50,"","",4225RK,Noordeloos
J.A. van Vurenstraat,52,"","",4225RK,Noordeloos
J.A. van Vurenstraat,6,"","",4225RK,Noordeloos
J.A. van Vurenstraat,8,"","",4225RK,Noordeloos
Dreef,1,"","",4225RL,Noordeloos
Dreef,11,"","",4225RL,Noordeloos
Dreef,13,"","",4225RL,Noordeloos
Dreef,15,"","",4225RL,Noordeloos
Dreef,17,"","",4225RL,Noordeloos
Dreef,19,"","",4225RL,Noordeloos
Dreef,2,"","",4225RL,Noordeloos
Dreef,2,A,"",4225RL,Noordeloos
Dreef,2,B,"",4225RL,Noordeloos
Dreef,2,C,"",4225RL,Noordeloos
Dreef,21,"","",4225RL,Noordeloos
Dreef,23,"","",4225RL,Noordeloos
Dreef,3,"","",4225RL,Noordeloos
Dreef,4,"","",4225RL,Noordeloos
Dreef,5,"","",4225RL,Noordeloos
Dreef,6,"","",4225RL,Noordeloos
Dreef,7,"","",4225RL,Noordeloos
Dreef,8,"","",4225RL,Noordeloos
Dreef,9,"","",4225RL,Noordeloos
M. Trappenburgstraat,1,"","",4225RM,Noordeloos
M. Trappenburgstraat,11,"","",4225RM,Noordeloos
M. Trappenburgstraat,13,"","",4225RM,Noordeloos
M. Trappenburgstraat,15,"","",4225RM,Noordeloos
M. Trappenburgstraat,17,"","",4225RM,Noordeloos
M. Trappenburgstraat,19,"","",4225RM,Noordeloos
M. Trappenburgstraat,21,"","",4225RM,Noordeloos
M. Trappenburgstraat,23,"","",4225RM,Noordeloos
M. Trappenburgstraat,25,"","",4225RM,Noordeloos
M. Trappenburgstraat,27,"","",4225RM,Noordeloos
M. Trappenburgstraat,29,"","",4225RM,Noordeloos
M. Trappenburgstraat,3,"","",4225RM,Noordeloos
M. Trappenburgstraat,31,"","",4225RM,Noordeloos
M. Trappenburgstraat,5,"","",4225RM,Noordeloos
M. Trappenburgstraat,7,"","",4225RM,Noordeloos
M. Trappenburgstraat,9,"","",4225RM,Noordeloos
M. Trappenburgstraat,10,"","",4225RN,Noordeloos
M. Trappenburgstraat,12,"","",4225RN,Noordeloos
M. Trappenburgstraat,14,"","",4225RN,Noordeloos
M. Trappenburgstraat,16,"","",4225RN,Noordeloos
M. Trappenburgstraat,18,"","",4225RN,Noordeloos
M. Trappenburgstraat,2,"","",4225RN,Noordeloos
M. Trappenburgstraat,20,"","",4225RN,Noordeloos
M. Trappenburgstraat,22,"","",4225RN,Noordeloos
M. Trappenburgstraat,24,"","",4225RN,Noordeloos
M. Trappenburgstraat,26,"","",4225RN,Noordeloos
M. Trappenburgstraat,28,"","",4225RN,Noordeloos
M. Trappenburgstraat,30,"","",4225RN,Noordeloos
M. Trappenburgstraat,32,"","",4225RN,Noordeloos
M. Trappenburgstraat,34,"","",4225RN,Noordeloos
M. Trappenburgstraat,36,"","",4225RN,Noordeloos
M. Trappenburgstraat,38,"","",4225RN,Noordeloos
M. Trappenburgstraat,4,"","",4225RN,Noordeloos
M. Trappenburgstraat,40,"","",4225RN,Noordeloos
M. Trappenburgstraat,42,"","",4225RN,Noordeloos
M. Trappenburgstraat,44,"","",4225RN,Noordeloos
M. Trappenburgstraat,46,"","",4225RN,Noordeloos
M. Trappenburgstraat,48,"","",4225RN,Noordeloos
M. Trappenburgstraat,6,"","",4225RN,Noordeloos
M. Trappenburgstraat,8,"","",4225RN,Noordeloos
Burgemeester Schakelstraat,1,"","",4225RP,Noordeloos
Burgemeester Schakelstraat,10,"","",4225RP,Noordeloos
Burgemeester Schakelstraat,2,"","",4225RP,Noordeloos
Burgemeester Schakelstraat,3,"","",4225RP,Noordeloos
Burgemeester Schakelstraat,4,"","",4225RP,Noordeloos
Burgemeester Schakelstraat,5,"","",4225RP,Noordeloos
Burgemeester Schakelstraat,6,"","",4225RP,Noordeloos
Burgemeester Schakelstraat,7,"","",4225RP,Noordeloos
Burgemeester Schakelstraat,8,"","",4225RP,Noordeloos
Burgemeester Schakelstraat,9,"","",4225RP,Noordeloos
A. Uittenbogaardstraat,1,"","",4225RR,Noordeloos
A. Uittenbogaardstraat,10,"","",4225RR,Noordeloos
A. Uittenbogaardstraat,11,"","",4225RR,Noordeloos
A. Uittenbogaardstraat,12,"","",4225RR,Noordeloos
A. Uittenbogaardstraat,13,"","",4225RR,Noordeloos
A. Uittenbogaardstraat,14,"","",4225RR,Noordeloos
A. Uittenbogaardstraat,15,"","",4225RR,Noordeloos
A. Uittenbogaardstraat,16,"","",4225RR,Noordeloos
A. Uittenbogaardstraat,17,"","",4225RR,Noordeloos
A. Uittenbogaardstraat,19,"","",4225RR,Noordeloos
A. Uittenbogaardstraat,2,"","",4225RR,Noordeloos
A. Uittenbogaardstraat,21,"","",4225RR,Noordeloos
A. Uittenbogaardstraat,23,"","",4225RR,Noordeloos
A. Uittenbogaardstraat,25,"","",4225RR,Noordeloos
A. Uittenbogaardstraat,27,"","",4225RR,Noordeloos
A. Uittenbogaardstraat,29,"","",4225RR,Noordeloos
A. Uittenbogaardstraat,3,"","",4225RR,Noordeloos
A. Uittenbogaardstraat,31,"","",4225RR,Noordeloos
A. Uittenbogaardstraat,31,"","",4225RR,Noordeloos
A. Uittenbogaardstraat,33,"","",4225RR,Noordeloos
A. Uittenbogaardstraat,35,"","",4225RR,Noordeloos
A. Uittenbogaardstraat,35,"","",4225RR,Noordeloos
A. Uittenbogaardstraat,37,"","",4225RR,Noordeloos
A. Uittenbogaardstraat,39,"","",4225RR,Noordeloos
A. Uittenbogaardstraat,39,"","",4225RR,Noordeloos
A. Uittenbogaardstraat,4,"","",4225RR,Noordeloos
A. Uittenbogaardstraat,5,"","",4225RR,Noordeloos
A. Uittenbogaardstraat,6,"","",4225RR,Noordeloos
A. Uittenbogaardstraat,7,"","",4225RR,Noordeloos
A. Uittenbogaardstraat,8,"","",4225RR,Noordeloos
A. Uittenbogaardstraat,9,"","",4225RR,Noordeloos
Kerkweg,1,"","",4225RS,Noordeloos
Kerkweg,2,"","",4225RS,Noordeloos
Noorderplein,1,"","",4225RT,Noordeloos
Noorderplein,2,"","",4225RT,Noordeloos
Noorderplein,3,"","",4225RT,Noordeloos
