straat,huisnummer,huisletter,toevoeging,postcode,plaats
Anjerstraat,1,"","",3261AA,Oud-Beijerland
Anjerstraat,11,"","",3261AA,Oud-Beijerland
Anjerstraat,13,"","",3261AA,Oud-Beijerland
Anjerstraat,2,"","",3261AA,Oud-Beijerland
Anjerstraat,3,"","",3261AA,Oud-Beijerland
Anjerstraat,4,"","",3261AA,Oud-Beijerland
Anjerstraat,5,"","",3261AA,Oud-Beijerland
Anjerstraat,6,"","",3261AA,Oud-Beijerland
Anjerstraat,7,"","",3261AA,Oud-Beijerland
Anjerstraat,8,"","",3261AA,Oud-Beijerland
Anjerstraat,9,"","",3261AA,Oud-Beijerland
Asterstraat,1,"","",3261AB,Oud-Beijerland
Asterstraat,11,"","",3261AB,Oud-Beijerland
Asterstraat,13,"","",3261AB,Oud-Beijerland
Asterstraat,15,"","",3261AB,Oud-Beijerland
Asterstraat,17,"","",3261AB,Oud-Beijerland
Asterstraat,19,"","",3261AB,Oud-Beijerland
Asterstraat,21,"","",3261AB,Oud-Beijerland
Asterstraat,23,"","",3261AB,Oud-Beijerland
Asterstraat,25,"","",3261AB,Oud-Beijerland
Asterstraat,27,"","",3261AB,Oud-Beijerland
Asterstraat,29,"","",3261AB,Oud-Beijerland
Asterstraat,3,"","",3261AB,Oud-Beijerland
Asterstraat,31,"","",3261AB,Oud-Beijerland
Asterstraat,31,A,"",3261AB,Oud-Beijerland
Asterstraat,31,B,"",3261AB,Oud-Beijerland
Asterstraat,5,"","",3261AB,Oud-Beijerland
Asterstraat,7,"","",3261AB,Oud-Beijerland
Asterstraat,9,"","",3261AB,Oud-Beijerland
Asterstraat,9,A,"",3261AB,Oud-Beijerland
Asterstraat,9,B,"",3261AB,Oud-Beijerland
Asterstraat,33,"","",3261AC,Oud-Beijerland
Asterstraat,35,"","",3261AC,Oud-Beijerland
Asterstraat,37,"","",3261AC,Oud-Beijerland
Asterstraat,39,"","",3261AC,Oud-Beijerland
Asterstraat,41,"","",3261AC,Oud-Beijerland
Asterstraat,43,"","",3261AC,Oud-Beijerland
Asterstraat,45,"","",3261AC,Oud-Beijerland
Asterstraat,47,"","",3261AC,Oud-Beijerland
Asterstraat,49,"","",3261AC,Oud-Beijerland
Asterstraat,51,"","",3261AC,Oud-Beijerland
Asterstraat,53,"","",3261AC,Oud-Beijerland
Asterstraat,55,"","",3261AC,Oud-Beijerland
Asterstraat,57,"","",3261AC,Oud-Beijerland
Asterstraat,59,"","",3261AC,Oud-Beijerland
Asterstraat,61,"","",3261AC,Oud-Beijerland
Asterstraat,10,"","",3261AD,Oud-Beijerland
Asterstraat,12,"","",3261AD,Oud-Beijerland
Asterstraat,14,"","",3261AD,Oud-Beijerland
Asterstraat,16,"","",3261AD,Oud-Beijerland
Asterstraat,18,"","",3261AD,Oud-Beijerland
Asterstraat,2,"","",3261AD,Oud-Beijerland
Asterstraat,20,"","",3261AD,Oud-Beijerland
Asterstraat,22,"","",3261AD,Oud-Beijerland
Asterstraat,24,"","",3261AD,Oud-Beijerland
Asterstraat,26,"","",3261AD,Oud-Beijerland
Asterstraat,28,"","",3261AD,Oud-Beijerland
Asterstraat,30,"","",3261AD,Oud-Beijerland
Asterstraat,32,"","",3261AD,Oud-Beijerland
Asterstraat,34,"","",3261AD,Oud-Beijerland
Asterstraat,36,"","",3261AD,Oud-Beijerland
Asterstraat,38,"","",3261AD,Oud-Beijerland
Asterstraat,4,"","",3261AD,Oud-Beijerland
Asterstraat,40,"","",3261AD,Oud-Beijerland
Asterstraat,6,"","",3261AD,Oud-Beijerland
Asterstraat,8,"","",3261AD,Oud-Beijerland
Asterstraat,42,"","",3261AE,Oud-Beijerland
Asterstraat,44,"","",3261AE,Oud-Beijerland
Asterstraat,46,"","",3261AE,Oud-Beijerland
Asterstraat,48,"","",3261AE,Oud-Beijerland
Asterstraat,50,"","",3261AE,Oud-Beijerland
Asterstraat,52,"","",3261AE,Oud-Beijerland
Asterstraat,54,"","",3261AE,Oud-Beijerland
Asterstraat,56,"","",3261AE,Oud-Beijerland
Asterstraat,58,"","",3261AE,Oud-Beijerland
Asterstraat,60,"","",3261AE,Oud-Beijerland
Asterstraat,62,"","",3261AE,Oud-Beijerland
Asterstraat,64,"","",3261AE,Oud-Beijerland
Asterstraat,66,"","",3261AE,Oud-Beijerland
Asterstraat,68,"","",3261AE,Oud-Beijerland
Asterstraat,70,"","",3261AE,Oud-Beijerland
Asterstraat,72,"","",3261AE,Oud-Beijerland
Asterstraat,74,"","",3261AE,Oud-Beijerland
Asterstraat,76,"","",3261AE,Oud-Beijerland
Asterstraat,78,"","",3261AE,Oud-Beijerland
Asterstraat,80,"","",3261AE,Oud-Beijerland
Azaleastraat,1,"","",3261AG,Oud-Beijerland
Azaleastraat,10,"","",3261AG,Oud-Beijerland
Azaleastraat,11,"","",3261AG,Oud-Beijerland
Azaleastraat,12,"","",3261AG,Oud-Beijerland
Azaleastraat,13,"","",3261AG,Oud-Beijerland
Azaleastraat,14,"","",3261AG,Oud-Beijerland
Azaleastraat,15,"","",3261AG,Oud-Beijerland
Azaleastraat,16,"","",3261AG,Oud-Beijerland
Azaleastraat,17,"","",3261AG,Oud-Beijerland
Azaleastraat,19,"","",3261AG,Oud-Beijerland
Azaleastraat,2,"","",3261AG,Oud-Beijerland
Azaleastraat,3,"","",3261AG,Oud-Beijerland
Azaleastraat,4,"","",3261AG,Oud-Beijerland
Azaleastraat,5,"","",3261AG,Oud-Beijerland
Azaleastraat,6,"","",3261AG,Oud-Beijerland
Azaleastraat,7,"","",3261AG,Oud-Beijerland
Azaleastraat,8,"","",3261AG,Oud-Beijerland
Azaleastraat,9,"","",3261AG,Oud-Beijerland
Dahliastraat,1,"","",3261AH,Oud-Beijerland
Dahliastraat,10,"","",3261AH,Oud-Beijerland
Dahliastraat,12,"","",3261AH,Oud-Beijerland
Dahliastraat,14,"","",3261AH,Oud-Beijerland
Dahliastraat,2,"","",3261AH,Oud-Beijerland
Dahliastraat,3,"","",3261AH,Oud-Beijerland
Dahliastraat,4,"","",3261AH,Oud-Beijerland
Dahliastraat,5,"","",3261AH,Oud-Beijerland
Dahliastraat,6,"","",3261AH,Oud-Beijerland
Dahliastraat,7,"","",3261AH,Oud-Beijerland
Dahliastraat,8,"","",3261AH,Oud-Beijerland
Graaf van Egmondstraat,1,"","",3261AJ,Oud-Beijerland
Graaf van Egmondstraat,11,"","",3261AJ,Oud-Beijerland
Graaf van Egmondstraat,13,"","",3261AJ,Oud-Beijerland
Graaf van Egmondstraat,15,"","",3261AJ,Oud-Beijerland
Graaf van Egmondstraat,17,"","",3261AJ,Oud-Beijerland
Graaf van Egmondstraat,19,"","",3261AJ,Oud-Beijerland
Graaf van Egmondstraat,21,"","",3261AJ,Oud-Beijerland
Graaf van Egmondstraat,23,"","",3261AJ,Oud-Beijerland
Graaf van Egmondstraat,25,"","",3261AJ,Oud-Beijerland
Graaf van Egmondstraat,27,"","",3261AJ,Oud-Beijerland
Graaf van Egmondstraat,29,"","",3261AJ,Oud-Beijerland
Graaf van Egmondstraat,3,"","",3261AJ,Oud-Beijerland
Graaf van Egmondstraat,31,"","",3261AJ,Oud-Beijerland
Graaf van Egmondstraat,33,"","",3261AJ,Oud-Beijerland
Graaf van Egmondstraat,5,"","",3261AJ,Oud-Beijerland
Graaf van Egmondstraat,7,"","",3261AJ,Oud-Beijerland
Graaf van Egmondstraat,9,"","",3261AJ,Oud-Beijerland
Graaf van Egmondstraat,35,"","",3261AK,Oud-Beijerland
Graaf van Egmondstraat,37,"","",3261AK,Oud-Beijerland
Graaf van Egmondstraat,39,"","",3261AK,Oud-Beijerland
Graaf van Egmondstraat,41,"","",3261AK,Oud-Beijerland
Graaf van Egmondstraat,43,"","",3261AK,Oud-Beijerland
Graaf van Egmondstraat,43,A,"",3261AK,Oud-Beijerland
Graaf van Egmondstraat,45,"","",3261AK,Oud-Beijerland
Graaf van Egmondstraat,45,A,"",3261AK,Oud-Beijerland
Graaf van Egmondstraat,45,B,"",3261AK,Oud-Beijerland
Graaf van Egmondstraat,45,C,"",3261AK,Oud-Beijerland
Graaf van Egmondstraat,45,D,"",3261AK,Oud-Beijerland
Graaf van Egmondstraat,45,E,"",3261AK,Oud-Beijerland
Graaf van Egmondstraat,45,F,"",3261AK,Oud-Beijerland
Graaf van Egmondstraat,47,"","",3261AK,Oud-Beijerland
Graaf van Egmondstraat,49,"","",3261AK,Oud-Beijerland
Graaf van Egmondstraat,51,"","",3261AK,Oud-Beijerland
Graaf van Egmondstraat,53,"","",3261AK,Oud-Beijerland
Graaf van Egmondstraat,55,"","",3261AK,Oud-Beijerland
Graaf van Egmondstraat,63,"","",3261AK,Oud-Beijerland
Graaf van Egmondstraat,65,"","",3261AK,Oud-Beijerland
Graaf van Egmondstraat,67,"","",3261AK,Oud-Beijerland
Graaf van Egmondstraat,67,A,"",3261AK,Oud-Beijerland
Graaf van Egmondstraat,69,"","",3261AK,Oud-Beijerland
Graaf van Egmondstraat,69,A,"",3261AK,Oud-Beijerland
Graaf van Egmondstraat,69,B,"",3261AK,Oud-Beijerland
Graaf van Egmondstraat,71,"","",3261AK,Oud-Beijerland
Graaf van Egmondstraat,73,"","",3261AK,Oud-Beijerland
Graaf van Egmondstraat,75,"","",3261AK,Oud-Beijerland
Graaf van Egmondstraat,79,"","",3261AK,Oud-Beijerland
Graaf van Egmondstraat,79,"","",3261AK,Oud-Beijerland
Graaf van Egmondstraat,81,A,"",3261AK,Oud-Beijerland
Graaf van Egmondstraat,81,B,"",3261AK,Oud-Beijerland
Graaf van Egmondstraat,81,C,"",3261AK,Oud-Beijerland
Graaf van Egmondstraat,81,D,"",3261AK,Oud-Beijerland
Graaf van Egmondstraat,81,E,"",3261AK,Oud-Beijerland
Graaf van Egmondstraat,83,"","",3261AK,Oud-Beijerland
Graaf van Egmondstraat,44,"","",3261AL,Oud-Beijerland
Graaf van Egmondstraat,46,"","",3261AL,Oud-Beijerland
Graaf van Egmondstraat,48,"","",3261AL,Oud-Beijerland
Graaf van Egmondstraat,50,"","",3261AL,Oud-Beijerland
Graaf van Egmondstraat,52,"","",3261AL,Oud-Beijerland
Graaf van Egmondstraat,54,"","",3261AL,Oud-Beijerland
Graaf van Egmondstraat,56,"","",3261AL,Oud-Beijerland
Graaf van Egmondstraat,58,"","",3261AL,Oud-Beijerland
Graaf van Egmondstraat,60,"","",3261AL,Oud-Beijerland
Graaf van Egmondstraat,62,"","",3261AL,Oud-Beijerland
Graaf van Egmondstraat,64,"","",3261AL,Oud-Beijerland
Graaf van Egmondstraat,66,"","",3261AL,Oud-Beijerland
Graaf van Egmondstraat,68,"","",3261AL,Oud-Beijerland
Graaf van Egmondstraat,68,A,1,3261AL,Oud-Beijerland
Graaf van Egmondstraat,68,A,2,3261AL,Oud-Beijerland
Graaf van Egmondstraat,68,A,3,3261AL,Oud-Beijerland
Graaf van Egmondstraat,68,A,4,3261AL,Oud-Beijerland
Graaf van Egmondstraat,68,B,"",3261AL,Oud-Beijerland
Graaf van Egmondstraat,70,"","",3261AL,Oud-Beijerland
Graaf van Egmondstraat,72,"","",3261AL,Oud-Beijerland
Graaf van Egmondstraat,74,"","",3261AL,Oud-Beijerland
Graaf van Egmondstraat,74,"","",3261AL,Oud-Beijerland
Graaf van Egmondstraat,76,"","",3261AL,Oud-Beijerland
Graaf van Egmondstraat,78,"","",3261AL,Oud-Beijerland
Graaf van Egmondstraat,78,A,"",3261AL,Oud-Beijerland
Graaf van Egmondstraat,80,"","",3261AL,Oud-Beijerland
Graaf van Egmondstraat,82,"","",3261AL,Oud-Beijerland
Graaf van Egmondstraat,86,"","",3261AL,Oud-Beijerland
Graaf van Egmondstraat,88,"","",3261AL,Oud-Beijerland
Lisstraat,1,"","",3261AM,Oud-Beijerland
Lisstraat,10,"","",3261AM,Oud-Beijerland
Lisstraat,11,"","",3261AM,Oud-Beijerland
Lisstraat,12,"","",3261AM,Oud-Beijerland
Lisstraat,13,"","",3261AM,Oud-Beijerland
Lisstraat,14,"","",3261AM,Oud-Beijerland
Lisstraat,15,"","",3261AM,Oud-Beijerland
Lisstraat,16,"","",3261AM,Oud-Beijerland
Lisstraat,17,"","",3261AM,Oud-Beijerland
Lisstraat,19,"","",3261AM,Oud-Beijerland
Lisstraat,2,"","",3261AM,Oud-Beijerland
Lisstraat,3,"","",3261AM,Oud-Beijerland
Lisstraat,4,"","",3261AM,Oud-Beijerland
Lisstraat,5,"","",3261AM,Oud-Beijerland
Lisstraat,6,"","",3261AM,Oud-Beijerland
Lisstraat,7,"","",3261AM,Oud-Beijerland
Lisstraat,8,"","",3261AM,Oud-Beijerland
Hoofdstraat,83,A,"",3261AM,Bergambacht
Lisstraat,9,"","",3261AM,Oud-Beijerland
Margrietstraat,1,"","",3261AN,Oud-Beijerland
Margrietstraat,11,"","",3261AN,Oud-Beijerland
Margrietstraat,13,"","",3261AN,Oud-Beijerland
Margrietstraat,15,"","",3261AN,Oud-Beijerland
Margrietstraat,17,"","",3261AN,Oud-Beijerland
Margrietstraat,19,"","",3261AN,Oud-Beijerland
Margrietstraat,2,"","",3261AN,Oud-Beijerland
Margrietstraat,21,"","",3261AN,Oud-Beijerland
Margrietstraat,23,"","",3261AN,Oud-Beijerland
Margrietstraat,3,"","",3261AN,Oud-Beijerland
Margrietstraat,4,"","",3261AN,Oud-Beijerland
Margrietstraat,5,"","",3261AN,Oud-Beijerland
Margrietstraat,6,"","",3261AN,Oud-Beijerland
Margrietstraat,7,"","",3261AN,Oud-Beijerland
Margrietstraat,8,"","",3261AN,Oud-Beijerland
Margrietstraat,8,"","",3261AN,Oud-Beijerland
Margrietstraat,9,"","",3261AN,Oud-Beijerland
Prinses Irenestraat,1,"","",3261AP,Oud-Beijerland
Prinses Irenestraat,10,"","",3261AP,Oud-Beijerland
Prinses Irenestraat,11,"","",3261AP,Oud-Beijerland
Prinses Irenestraat,12,"","",3261AP,Oud-Beijerland
Prinses Irenestraat,13,"","",3261AP,Oud-Beijerland
Prinses Irenestraat,14,"","",3261AP,Oud-Beijerland
Prinses Irenestraat,15,"","",3261AP,Oud-Beijerland
Prinses Irenestraat,16,"","",3261AP,Oud-Beijerland
Prinses Irenestraat,17,"","",3261AP,Oud-Beijerland
Prinses Irenestraat,18,"","",3261AP,Oud-Beijerland
Prinses Irenestraat,19,"","",3261AP,Oud-Beijerland
Prinses Irenestraat,2,"","",3261AP,Oud-Beijerland
Prinses Irenestraat,2,A,"",3261AP,Oud-Beijerland
Prinses Irenestraat,20,"","",3261AP,Oud-Beijerland
Prinses Irenestraat,21,"","",3261AP,Oud-Beijerland
Prinses Irenestraat,22,"","",3261AP,Oud-Beijerland
Prinses Irenestraat,23,"","",3261AP,Oud-Beijerland
Prinses Irenestraat,25,"","",3261AP,Oud-Beijerland
Prinses Irenestraat,4,"","",3261AP,Oud-Beijerland
Prinses Irenestraat,4,A,"",3261AP,Oud-Beijerland
Prinses Irenestraat,5,"","",3261AP,Oud-Beijerland
Prinses Irenestraat,5,"","",3261AP,Oud-Beijerland
Prinses Irenestraat,5,A,"",3261AP,Oud-Beijerland
Prinses Irenestraat,5,B,"",3261AP,Oud-Beijerland
Prinses Irenestraat,5,C,"",3261AP,Oud-Beijerland
Prinses Irenestraat,6,"","",3261AP,Oud-Beijerland
Prinses Irenestraat,6,A,"",3261AP,Oud-Beijerland
Prinses Irenestraat,6,B,"",3261AP,Oud-Beijerland
Prinses Irenestraat,7,"","",3261AP,Oud-Beijerland
Prinses Irenestraat,8,A,"",3261AP,Oud-Beijerland
Prinses Irenestraat,8,B,"",3261AP,Oud-Beijerland
Prinses Irenestraat,9,"","",3261AP,Oud-Beijerland
Ribesstraat,1,"","",3261AR,Oud-Beijerland
Ribesstraat,1,"","",3261AR,Oud-Beijerland
Ribesstraat,11,"","",3261AR,Oud-Beijerland
Ribesstraat,13,"","",3261AR,Oud-Beijerland
Ribesstraat,15,"","",3261AR,Oud-Beijerland
Ribesstraat,17,"","",3261AR,Oud-Beijerland
Ribesstraat,19,"","",3261AR,Oud-Beijerland
Ribesstraat,21,"","",3261AR,Oud-Beijerland
Ribesstraat,23,"","",3261AR,Oud-Beijerland
Ribesstraat,25,"","",3261AR,Oud-Beijerland
Ribesstraat,27,"","",3261AR,Oud-Beijerland
Ribesstraat,29,"","",3261AR,Oud-Beijerland
Ribesstraat,3,"","",3261AR,Oud-Beijerland
Ribesstraat,31,"","",3261AR,Oud-Beijerland
Ribesstraat,33,"","",3261AR,Oud-Beijerland
Ribesstraat,35,"","",3261AR,Oud-Beijerland
Ribesstraat,37,"","",3261AR,Oud-Beijerland
Ribesstraat,39,"","",3261AR,Oud-Beijerland
Ribesstraat,41,"","",3261AR,Oud-Beijerland
Ribesstraat,43,"","",3261AR,Oud-Beijerland
Ribesstraat,45,"","",3261AR,Oud-Beijerland
Ribesstraat,45,A,"",3261AR,Oud-Beijerland
Ribesstraat,45,B,"",3261AR,Oud-Beijerland
Ribesstraat,45,C,"",3261AR,Oud-Beijerland
Ribesstraat,45,D,"",3261AR,Oud-Beijerland
Ribesstraat,45,E,"",3261AR,Oud-Beijerland
Ribesstraat,45,F,"",3261AR,Oud-Beijerland
Ribesstraat,45,G,"",3261AR,Oud-Beijerland
Ribesstraat,45,H,"",3261AR,Oud-Beijerland
Ribesstraat,45,I,"",3261AR,Oud-Beijerland
Ribesstraat,45,J,"",3261AR,Oud-Beijerland
Ribesstraat,45,K,"",3261AR,Oud-Beijerland
Ribesstraat,45,L,"",3261AR,Oud-Beijerland
Ribesstraat,45,M,"",3261AR,Oud-Beijerland
Ribesstraat,45,N,"",3261AR,Oud-Beijerland
Ribesstraat,45,O,"",3261AR,Oud-Beijerland
Ribesstraat,45,P,"",3261AR,Oud-Beijerland
Ribesstraat,45,Q,"",3261AR,Oud-Beijerland
Ribesstraat,5,"","",3261AR,Oud-Beijerland
Ribesstraat,7,"","",3261AR,Oud-Beijerland
Ribesstraat,9,"","",3261AR,Oud-Beijerland
Ribesstraat,10,"","",3261AS,Oud-Beijerland
Ribesstraat,12,"","",3261AS,Oud-Beijerland
Ribesstraat,14,"","",3261AS,Oud-Beijerland
Ribesstraat,16,"","",3261AS,Oud-Beijerland
Ribesstraat,18,"","",3261AS,Oud-Beijerland
Ribesstraat,2,"","",3261AS,Oud-Beijerland
Ribesstraat,20,"","",3261AS,Oud-Beijerland
Ribesstraat,22,"","",3261AS,Oud-Beijerland
Ribesstraat,24,"","",3261AS,Oud-Beijerland
Ribesstraat,26,"","",3261AS,Oud-Beijerland
Ribesstraat,28,"","",3261AS,Oud-Beijerland
Ribesstraat,30,"","",3261AS,Oud-Beijerland
Ribesstraat,32,"","",3261AS,Oud-Beijerland
Ribesstraat,34,"","",3261AS,Oud-Beijerland
Ribesstraat,36,"","",3261AS,Oud-Beijerland
Ribesstraat,38,"","",3261AS,Oud-Beijerland
Ribesstraat,4,"","",3261AS,Oud-Beijerland
Ribesstraat,40,"","",3261AS,Oud-Beijerland
Ribesstraat,42,"","",3261AS,Oud-Beijerland
Ribesstraat,6,"","",3261AS,Oud-Beijerland
Ribesstraat,8,"","",3261AS,Oud-Beijerland
Sportlaan,1,"","",3261AT,Oud-Beijerland
Sportlaan,1,B,"",3261AT,Oud-Beijerland
Gravinnelaan,10,"","",3261AT,Oud-Beijerland
Gravinnelaan,100,"","",3261AT,Oud-Beijerland
Gravinnelaan,102,"","",3261AT,Oud-Beijerland
Gravinnelaan,104,"","",3261AT,Oud-Beijerland
Gravinnelaan,106,"","",3261AT,Oud-Beijerland
Gravinnelaan,108,"","",3261AT,Oud-Beijerland
Sportlaan,11,"","",3261AT,Oud-Beijerland
Gravinnelaan,110,"","",3261AT,Oud-Beijerland
Gravinnelaan,112,"","",3261AT,Oud-Beijerland
Gravinnelaan,116,"","",3261AT,Oud-Beijerland
Gravinnelaan,118,"","",3261AT,Oud-Beijerland
Gravinnelaan,12,"","",3261AT,Oud-Beijerland
Gravinnelaan,120,"","",3261AT,Oud-Beijerland
Gravinnelaan,122,"","",3261AT,Oud-Beijerland
Gravinnelaan,124,"","",3261AT,Oud-Beijerland
Gravinnelaan,126,"","",3261AT,Oud-Beijerland
Gravinnelaan,128,"","",3261AT,Oud-Beijerland
Sportlaan,13,"","",3261AT,Oud-Beijerland
Gravinnelaan,130,"","",3261AT,Oud-Beijerland
Gravinnelaan,132,"","",3261AT,Oud-Beijerland
Gravinnelaan,134,"","",3261AT,Oud-Beijerland
Gravinnelaan,136,"","",3261AT,Oud-Beijerland
Gravinnelaan,138,"","",3261AT,Oud-Beijerland
Gravinnelaan,14,"","",3261AT,Oud-Beijerland
Gravinnelaan,140,"","",3261AT,Oud-Beijerland
Gravinnelaan,142,"","",3261AT,Oud-Beijerland
Gravinnelaan,144,"","",3261AT,Oud-Beijerland
Gravinnelaan,146,"","",3261AT,Oud-Beijerland
Gravinnelaan,148,"","",3261AT,Oud-Beijerland
Sportlaan,15,"","",3261AT,Oud-Beijerland
Gravinnelaan,150,"","",3261AT,Oud-Beijerland
Gravinnelaan,154,"","",3261AT,Oud-Beijerland
Gravinnelaan,16,"","",3261AT,Oud-Beijerland
Sportlaan,17,"","",3261AT,Oud-Beijerland
Gravinnelaan,18,"","",3261AT,Oud-Beijerland
Sportlaan,19,"","",3261AT,Oud-Beijerland
Gravinnelaan,20,"","",3261AT,Oud-Beijerland
Sportlaan,21,"","",3261AT,Oud-Beijerland
Gravinnelaan,22,"","",3261AT,Oud-Beijerland
Sportlaan,23,"","",3261AT,Oud-Beijerland
Gravinnelaan,24,"","",3261AT,Oud-Beijerland
Gravinnelaan,26,"","",3261AT,Oud-Beijerland
Gravinnelaan,28,"","",3261AT,Oud-Beijerland
Sportlaan,3,"","",3261AT,Oud-Beijerland
Gravinnelaan,30,"","",3261AT,Oud-Beijerland
Gravinnelaan,32,"","",3261AT,Oud-Beijerland
Gravinnelaan,36,"","",3261AT,Oud-Beijerland
Gravinnelaan,38,"","",3261AT,Oud-Beijerland
Gravinnelaan,4,"","",3261AT,Oud-Beijerland
Gravinnelaan,40,"","",3261AT,Oud-Beijerland
Gravinnelaan,42,"","",3261AT,Oud-Beijerland
Gravinnelaan,44,"","",3261AT,Oud-Beijerland
Gravinnelaan,46,"","",3261AT,Oud-Beijerland
Gravinnelaan,48,"","",3261AT,Oud-Beijerland
Sportlaan,5,"","",3261AT,Oud-Beijerland
Gravinnelaan,50,"","",3261AT,Oud-Beijerland
Gravinnelaan,52,"","",3261AT,Oud-Beijerland
Gravinnelaan,54,"","",3261AT,Oud-Beijerland
Gravinnelaan,56,"","",3261AT,Oud-Beijerland
Gravinnelaan,58,"","",3261AT,Oud-Beijerland
Gravinnelaan,6,"","",3261AT,Oud-Beijerland
Gravinnelaan,60,"","",3261AT,Oud-Beijerland
Gravinnelaan,62,"","",3261AT,Oud-Beijerland
Gravinnelaan,64,"","",3261AT,Oud-Beijerland
Gravinnelaan,68,"","",3261AT,Oud-Beijerland
Sportlaan,7,"","",3261AT,Oud-Beijerland
Gravinnelaan,70,"","",3261AT,Oud-Beijerland
Gravinnelaan,72,"","",3261AT,Oud-Beijerland
Gravinnelaan,74,"","",3261AT,Oud-Beijerland
Gravinnelaan,76,"","",3261AT,Oud-Beijerland
Gravinnelaan,78,"","",3261AT,Oud-Beijerland
Gravinnelaan,8,"","",3261AT,Oud-Beijerland
Gravinnelaan,80,"","",3261AT,Oud-Beijerland
Gravinnelaan,82,"","",3261AT,Oud-Beijerland
Gravinnelaan,84,"","",3261AT,Oud-Beijerland
Gravinnelaan,86,"","",3261AT,Oud-Beijerland
Gravinnelaan,88,"","",3261AT,Oud-Beijerland
Sportlaan,9,"","",3261AT,Oud-Beijerland
Gravinnelaan,90,"","",3261AT,Oud-Beijerland
Gravinnelaan,92,"","",3261AT,Oud-Beijerland
Gravinnelaan,94,"","",3261AT,Oud-Beijerland
Gravinnelaan,96,"","",3261AT,Oud-Beijerland
Gravinnelaan,98,"","",3261AT,Oud-Beijerland
Gravinnelaan,1,"","",3261AV,Oud-Beijerland
Sportlaan,10,"","",3261AV,Oud-Beijerland
Gravinnelaan,11,"","",3261AV,Oud-Beijerland
Sportlaan,12,"","",3261AV,Oud-Beijerland
Gravinnelaan,13,"","",3261AV,Oud-Beijerland
Sportlaan,14,"","",3261AV,Oud-Beijerland
Gravinnelaan,15,"","",3261AV,Oud-Beijerland
Sportlaan,16,"","",3261AV,Oud-Beijerland
Gravinnelaan,17,"","",3261AV,Oud-Beijerland
Sportlaan,18,"","",3261AV,Oud-Beijerland
Gravinnelaan,19,"","",3261AV,Oud-Beijerland
Sportlaan,2,"","",3261AV,Oud-Beijerland
Sportlaan,2,A,"",3261AV,Oud-Beijerland
Sportlaan,2,B,"",3261AV,Oud-Beijerland
Sportlaan,2,C,"",3261AV,Oud-Beijerland
Sportlaan,2,D,"",3261AV,Oud-Beijerland
Sportlaan,2,E,"",3261AV,Oud-Beijerland
Sportlaan,2,F,"",3261AV,Oud-Beijerland
Sportlaan,2,G,"",3261AV,Oud-Beijerland
Sportlaan,2,H,"",3261AV,Oud-Beijerland
Sportlaan,2,I,"",3261AV,Oud-Beijerland
Sportlaan,2,J,"",3261AV,Oud-Beijerland
Sportlaan,2,K,"",3261AV,Oud-Beijerland
Sportlaan,2,L,"",3261AV,Oud-Beijerland
Sportlaan,2,M,"",3261AV,Oud-Beijerland
Sportlaan,2,N,"",3261AV,Oud-Beijerland
Sportlaan,2,O,"",3261AV,Oud-Beijerland
Sportlaan,2,P,"",3261AV,Oud-Beijerland
Sportlaan,2,Q,"",3261AV,Oud-Beijerland
Sportlaan,2,R,"",3261AV,Oud-Beijerland
Sportlaan,2,S,"",3261AV,Oud-Beijerland
Sportlaan,2,T,"",3261AV,Oud-Beijerland
Sportlaan,2,U,"",3261AV,Oud-Beijerland
Sportlaan,2,V,"",3261AV,Oud-Beijerland
Sportlaan,2,W,"",3261AV,Oud-Beijerland
Sportlaan,20,"","",3261AV,Oud-Beijerland
Gravinnelaan,21,"","",3261AV,Oud-Beijerland
Sportlaan,22,"","",3261AV,Oud-Beijerland
Sportlaan,22,"","",3261AV,Oud-Beijerland
Sportlaan,22,"","",3261AV,Oud-Beijerland
Gravinnelaan,23,"","",3261AV,Oud-Beijerland
Sportlaan,24,"","",3261AV,Oud-Beijerland
Sportlaan,24,"","",3261AV,Oud-Beijerland
Sportlaan,24,"","",3261AV,Oud-Beijerland
Gravinnelaan,25,"","",3261AV,Oud-Beijerland
Sportlaan,26,"","",3261AV,Oud-Beijerland
Sportlaan,26,"","",3261AV,Oud-Beijerland
Sportlaan,26,"","",3261AV,Oud-Beijerland
Gravinnelaan,27,"","",3261AV,Oud-Beijerland
Sportlaan,28,"","",3261AV,Oud-Beijerland
Sportlaan,28,"","",3261AV,Oud-Beijerland
Sportlaan,28,"","",3261AV,Oud-Beijerland
Gravinnelaan,29,"","",3261AV,Oud-Beijerland
Gravinnelaan,3,"","",3261AV,Oud-Beijerland
Sportlaan,30,"","",3261AV,Oud-Beijerland
Sportlaan,32,"","",3261AV,Oud-Beijerland
Sportlaan,34,"","",3261AV,Oud-Beijerland
Sportlaan,36,"","",3261AV,Oud-Beijerland
Sportlaan,38,"","",3261AV,Oud-Beijerland
Sportlaan,4,"","",3261AV,Oud-Beijerland
Sportlaan,40,"","",3261AV,Oud-Beijerland
Gravinnelaan,5,"","",3261AV,Oud-Beijerland
Sportlaan,6,"","",3261AV,Oud-Beijerland
Gravinnelaan,7,"","",3261AV,Oud-Beijerland
Sportlaan,8,"","",3261AV,Oud-Beijerland
Gravinnelaan,9,"","",3261AV,Oud-Beijerland
Sportlaan,42,"","",3261AW,Oud-Beijerland
Sportlaan,44,"","",3261AW,Oud-Beijerland
Sportlaan,46,"","",3261AW,Oud-Beijerland
Sportlaan,48,"","",3261AW,Oud-Beijerland
Sportlaan,50,"","",3261AW,Oud-Beijerland
Sportlaan,52,"","",3261AW,Oud-Beijerland
Sportlaan,54,"","",3261AW,Oud-Beijerland
Sportlaan,56,"","",3261AW,Oud-Beijerland
Sportlaan,58,"","",3261AW,Oud-Beijerland
Sportlaan,60,"","",3261AW,Oud-Beijerland
Sportlaan,62,"","",3261AW,Oud-Beijerland
Sportlaan,64,"","",3261AW,Oud-Beijerland
Sportlaan,66,"","",3261AW,Oud-Beijerland
Sportlaan,68,"","",3261AW,Oud-Beijerland
Sportlaan,70,"","",3261AW,Oud-Beijerland
Sportlaan,72,"","",3261AW,Oud-Beijerland
Sportlaan,74,"","",3261AW,Oud-Beijerland
Sportlaan,76,"","",3261AW,Oud-Beijerland
Sportlaan,78,"","",3261AW,Oud-Beijerland
Sportlaan,80,"","",3261AW,Oud-Beijerland
Sportlaan,82,"","",3261AW,Oud-Beijerland
Sportlaan,84,"","",3261AW,Oud-Beijerland
Koninginneplein,1,"","",3261AZ,Oud-Beijerland
Koninginneplein,100,"","",3261AZ,Oud-Beijerland
Koninginneplein,101,"","",3261AZ,Oud-Beijerland
Koninginneplein,102,"","",3261AZ,Oud-Beijerland
Koninginneplein,103,"","",3261AZ,Oud-Beijerland
Koninginneplein,104,"","",3261AZ,Oud-Beijerland
Koninginneplein,105,"","",3261AZ,Oud-Beijerland
Koninginneplein,106,"","",3261AZ,Oud-Beijerland
Koninginneplein,107,"","",3261AZ,Oud-Beijerland
Koninginneplein,108,"","",3261AZ,Oud-Beijerland
Koninginneplein,109,"","",3261AZ,Oud-Beijerland
Koninginneplein,110,"","",3261AZ,Oud-Beijerland
Koninginneplein,111,"","",3261AZ,Oud-Beijerland
Koninginneplein,112,"","",3261AZ,Oud-Beijerland
Koninginneplein,113,"","",3261AZ,Oud-Beijerland
Koninginneplein,114,"","",3261AZ,Oud-Beijerland
Koninginneplein,115,"","",3261AZ,Oud-Beijerland
Koninginneplein,116,"","",3261AZ,Oud-Beijerland
Koninginneplein,117,"","",3261AZ,Oud-Beijerland
Koninginneplein,118,"","",3261AZ,Oud-Beijerland
Koninginneplein,119,"","",3261AZ,Oud-Beijerland
Koninginneplein,12,"","",3261AZ,Oud-Beijerland
Koninginneplein,120,"","",3261AZ,Oud-Beijerland
Koninginneplein,121,"","",3261AZ,Oud-Beijerland
Koninginneplein,122,"","",3261AZ,Oud-Beijerland
Koninginneplein,123,"","",3261AZ,Oud-Beijerland
Koninginneplein,124,"","",3261AZ,Oud-Beijerland
Koninginneplein,125,"","",3261AZ,Oud-Beijerland
Koninginneplein,126,"","",3261AZ,Oud-Beijerland
Koninginneplein,128,"","",3261AZ,Oud-Beijerland
Koninginneplein,130,"","",3261AZ,Oud-Beijerland
Koninginneplein,132,"","",3261AZ,Oud-Beijerland
Koninginneplein,134,"","",3261AZ,Oud-Beijerland
Koninginneplein,136,"","",3261AZ,Oud-Beijerland
Koninginneplein,138,"","",3261AZ,Oud-Beijerland
Koninginneplein,14,"","",3261AZ,Oud-Beijerland
Koninginneplein,140,"","",3261AZ,Oud-Beijerland
Koninginneplein,142,"","",3261AZ,Oud-Beijerland
Koninginneplein,144,"","",3261AZ,Oud-Beijerland
Koninginneplein,146,"","",3261AZ,Oud-Beijerland
Koninginneplein,148,"","",3261AZ,Oud-Beijerland
Koninginneplein,150,"","",3261AZ,Oud-Beijerland
Koninginneplein,152,"","",3261AZ,Oud-Beijerland
Koninginneplein,154,"","",3261AZ,Oud-Beijerland
Koninginneplein,156,"","",3261AZ,Oud-Beijerland
Koninginneplein,158,"","",3261AZ,Oud-Beijerland
Koninginneplein,16,"","",3261AZ,Oud-Beijerland
Koninginneplein,160,"","",3261AZ,Oud-Beijerland
Koninginneplein,162,"","",3261AZ,Oud-Beijerland
Koninginneplein,164,"","",3261AZ,Oud-Beijerland
Koninginneplein,166,"","",3261AZ,Oud-Beijerland
Koninginneplein,168,"","",3261AZ,Oud-Beijerland
Koninginneplein,17,"","",3261AZ,Oud-Beijerland
Koninginneplein,170,"","",3261AZ,Oud-Beijerland
Koninginneplein,172,"","",3261AZ,Oud-Beijerland
Koninginneplein,174,"","",3261AZ,Oud-Beijerland
Koninginneplein,176,"","",3261AZ,Oud-Beijerland
Koninginneplein,178,"","",3261AZ,Oud-Beijerland
Koninginneplein,18,"","",3261AZ,Oud-Beijerland
Koninginneplein,180,"","",3261AZ,Oud-Beijerland
Koninginneplein,182,"","",3261AZ,Oud-Beijerland
Koninginneplein,184,"","",3261AZ,Oud-Beijerland
Koninginneplein,19,"","",3261AZ,Oud-Beijerland
Koninginneplein,2,"","",3261AZ,Oud-Beijerland
Koninginneplein,20,"","",3261AZ,Oud-Beijerland
Koninginneplein,21,"","",3261AZ,Oud-Beijerland
Koninginneplein,22,"","",3261AZ,Oud-Beijerland
Koninginneplein,23,"","",3261AZ,Oud-Beijerland
Koninginneplein,24,"","",3261AZ,Oud-Beijerland
Koninginneplein,25,"","",3261AZ,Oud-Beijerland
Koninginneplein,26,"","",3261AZ,Oud-Beijerland
Koninginneplein,27,"","",3261AZ,Oud-Beijerland
Koninginneplein,28,"","",3261AZ,Oud-Beijerland
Koninginneplein,29,"","",3261AZ,Oud-Beijerland
Koninginneplein,3,"","",3261AZ,Oud-Beijerland
Koninginneplein,30,"","",3261AZ,Oud-Beijerland
Koninginneplein,31,"","",3261AZ,Oud-Beijerland
Koninginneplein,32,"","",3261AZ,Oud-Beijerland
Koninginneplein,33,"","",3261AZ,Oud-Beijerland
Koninginneplein,34,"","",3261AZ,Oud-Beijerland
Koninginneplein,35,"","",3261AZ,Oud-Beijerland
Koninginneplein,36,"","",3261AZ,Oud-Beijerland
Koninginneplein,37,"","",3261AZ,Oud-Beijerland
Koninginneplein,38,"","",3261AZ,Oud-Beijerland
Koninginneplein,39,"","",3261AZ,Oud-Beijerland
Koninginneplein,40,"","",3261AZ,Oud-Beijerland
Koninginneplein,41,"","",3261AZ,Oud-Beijerland
Koninginneplein,42,"","",3261AZ,Oud-Beijerland
Koninginneplein,43,"","",3261AZ,Oud-Beijerland
Koninginneplein,44,"","",3261AZ,Oud-Beijerland
Koninginneplein,45,"","",3261AZ,Oud-Beijerland
Koninginneplein,46,"","",3261AZ,Oud-Beijerland
Koninginneplein,47,"","",3261AZ,Oud-Beijerland
Koninginneplein,48,"","",3261AZ,Oud-Beijerland
Koninginneplein,49,"","",3261AZ,Oud-Beijerland
Koninginneplein,50,"","",3261AZ,Oud-Beijerland
Koninginneplein,51,"","",3261AZ,Oud-Beijerland
Koninginneplein,52,"","",3261AZ,Oud-Beijerland
Koninginneplein,53,"","",3261AZ,Oud-Beijerland
Koninginneplein,54,"","",3261AZ,Oud-Beijerland
Koninginneplein,55,"","",3261AZ,Oud-Beijerland
Koninginneplein,56,"","",3261AZ,Oud-Beijerland
Koninginneplein,57,"","",3261AZ,Oud-Beijerland
Koninginneplein,58,"","",3261AZ,Oud-Beijerland
Koninginneplein,59,"","",3261AZ,Oud-Beijerland
Koninginneplein,60,"","",3261AZ,Oud-Beijerland
Koninginneplein,61,"","",3261AZ,Oud-Beijerland
Koninginneplein,62,"","",3261AZ,Oud-Beijerland
Koninginneplein,63,"","",3261AZ,Oud-Beijerland
Koninginneplein,64,"","",3261AZ,Oud-Beijerland
Koninginneplein,65,"","",3261AZ,Oud-Beijerland
Koninginneplein,66,"","",3261AZ,Oud-Beijerland
Koninginneplein,67,"","",3261AZ,Oud-Beijerland
Koninginneplein,68,"","",3261AZ,Oud-Beijerland
Koninginneplein,69,"","",3261AZ,Oud-Beijerland
Koninginneplein,7,"","",3261AZ,Oud-Beijerland
Koninginneplein,70,"","",3261AZ,Oud-Beijerland
Koninginneplein,71,"","",3261AZ,Oud-Beijerland
Koninginneplein,72,"","",3261AZ,Oud-Beijerland
Koninginneplein,73,"","",3261AZ,Oud-Beijerland
Koninginneplein,74,"","",3261AZ,Oud-Beijerland
Koninginneplein,75,"","",3261AZ,Oud-Beijerland
Koninginneplein,76,"","",3261AZ,Oud-Beijerland
Koninginneplein,77,"","",3261AZ,Oud-Beijerland
Koninginneplein,78,"","",3261AZ,Oud-Beijerland
Koninginneplein,79,"","",3261AZ,Oud-Beijerland
Koninginneplein,80,"","",3261AZ,Oud-Beijerland
Koninginneplein,81,"","",3261AZ,Oud-Beijerland
Koninginneplein,82,"","",3261AZ,Oud-Beijerland
Koninginneplein,83,"","",3261AZ,Oud-Beijerland
Koninginneplein,84,"","",3261AZ,Oud-Beijerland
Koninginneplein,85,"","",3261AZ,Oud-Beijerland
Koninginneplein,86,"","",3261AZ,Oud-Beijerland
Koninginneplein,87,"","",3261AZ,Oud-Beijerland
Koninginneplein,88,"","",3261AZ,Oud-Beijerland
Koninginneplein,89,"","",3261AZ,Oud-Beijerland
Koninginneplein,9,"","",3261AZ,Oud-Beijerland
Koninginneplein,90,"","",3261AZ,Oud-Beijerland
Koninginneplein,91,"","",3261AZ,Oud-Beijerland
Koninginneplein,92,"","",3261AZ,Oud-Beijerland
Koninginneplein,93,"","",3261AZ,Oud-Beijerland
Koninginneplein,94,"","",3261AZ,Oud-Beijerland
Koninginneplein,95,"","",3261AZ,Oud-Beijerland
Koninginneplein,96,"","",3261AZ,Oud-Beijerland
Koninginneplein,97,"","",3261AZ,Oud-Beijerland
Koninginneplein,98,"","",3261AZ,Oud-Beijerland
Koninginneplein,99,"","",3261AZ,Oud-Beijerland
Begoniastraat,1,"","",3261BA,Oud-Beijerland
Begoniastraat,11,"","",3261BA,Oud-Beijerland
Begoniastraat,13,"","",3261BA,Oud-Beijerland
Begoniastraat,15,"","",3261BA,Oud-Beijerland
Begoniastraat,17,"","",3261BA,Oud-Beijerland
Begoniastraat,19,"","",3261BA,Oud-Beijerland
Begoniastraat,21,"","",3261BA,Oud-Beijerland
Begoniastraat,23,"","",3261BA,Oud-Beijerland
Begoniastraat,25,"","",3261BA,Oud-Beijerland
Begoniastraat,27,"","",3261BA,Oud-Beijerland
Begoniastraat,29,"","",3261BA,Oud-Beijerland
Begoniastraat,3,"","",3261BA,Oud-Beijerland
Begoniastraat,31,"","",3261BA,Oud-Beijerland
Begoniastraat,5,"","",3261BA,Oud-Beijerland
Begoniastraat,7,"","",3261BA,Oud-Beijerland
Begoniastraat,9,"","",3261BA,Oud-Beijerland
Begoniastraat,10,"","",3261BB,Oud-Beijerland
Begoniastraat,10,A,"",3261BB,Oud-Beijerland
Begoniastraat,12,"","",3261BB,Oud-Beijerland
Begoniastraat,12,A,"",3261BB,Oud-Beijerland
Begoniastraat,14,"","",3261BB,Oud-Beijerland
Begoniastraat,14,A,"",3261BB,Oud-Beijerland
Begoniastraat,16,"","",3261BB,Oud-Beijerland
Begoniastraat,16,A,"",3261BB,Oud-Beijerland
Begoniastraat,18,"","",3261BB,Oud-Beijerland
Begoniastraat,18,A,"",3261BB,Oud-Beijerland
Begoniastraat,2,"","",3261BB,Oud-Beijerland
Begoniastraat,2,A,"",3261BB,Oud-Beijerland
Begoniastraat,20,"","",3261BB,Oud-Beijerland
Begoniastraat,20,A,"",3261BB,Oud-Beijerland
Begoniastraat,22,"","",3261BB,Oud-Beijerland
Begoniastraat,22,A,"",3261BB,Oud-Beijerland
Begoniastraat,24,"","",3261BB,Oud-Beijerland
Begoniastraat,24,A,"",3261BB,Oud-Beijerland
Begoniastraat,26,"","",3261BB,Oud-Beijerland
Begoniastraat,26,A,"",3261BB,Oud-Beijerland
Begoniastraat,26,B,"",3261BB,Oud-Beijerland
Begoniastraat,28,"","",3261BB,Oud-Beijerland
Begoniastraat,30,"","",3261BB,Oud-Beijerland
Begoniastraat,32,"","",3261BB,Oud-Beijerland
Begoniastraat,34,"","",3261BB,Oud-Beijerland
Begoniastraat,36,"","",3261BB,Oud-Beijerland
Begoniastraat,38,"","",3261BB,Oud-Beijerland
Begoniastraat,38,A,"",3261BB,Oud-Beijerland
Begoniastraat,38,B,"",3261BB,Oud-Beijerland
Begoniastraat,38,C,"",3261BB,Oud-Beijerland
Begoniastraat,38,D,"",3261BB,Oud-Beijerland
Begoniastraat,38,E,"",3261BB,Oud-Beijerland
Begoniastraat,38,F,"",3261BB,Oud-Beijerland
Begoniastraat,38,G,"",3261BB,Oud-Beijerland
Begoniastraat,38,H,"",3261BB,Oud-Beijerland
Begoniastraat,38,I,"",3261BB,Oud-Beijerland
Begoniastraat,38,J,"",3261BB,Oud-Beijerland
Begoniastraat,38,K,"",3261BB,Oud-Beijerland
Begoniastraat,38,L,"",3261BB,Oud-Beijerland
Begoniastraat,38,M,"",3261BB,Oud-Beijerland
Begoniastraat,38,N,"",3261BB,Oud-Beijerland
Begoniastraat,38,O,"",3261BB,Oud-Beijerland
Begoniastraat,38,P,"",3261BB,Oud-Beijerland
Begoniastraat,38,Q,"",3261BB,Oud-Beijerland
Begoniastraat,38,R,"",3261BB,Oud-Beijerland
Begoniastraat,38,S,"",3261BB,Oud-Beijerland
Begoniastraat,38,T,"",3261BB,Oud-Beijerland
Begoniastraat,4,"","",3261BB,Oud-Beijerland
Begoniastraat,4,A,"",3261BB,Oud-Beijerland
Begoniastraat,6,"","",3261BB,Oud-Beijerland
Begoniastraat,6,A,"",3261BB,Oud-Beijerland
Begoniastraat,8,"","",3261BB,Oud-Beijerland
Begoniastraat,8,A,"",3261BB,Oud-Beijerland
Boezemsingel,11,"","",3261BC,Oud-Beijerland
Boezemsingel,15,"","",3261BC,Oud-Beijerland
Boezemsingel,17,"","",3261BC,Oud-Beijerland
Boezemsingel,19,"","",3261BC,Oud-Beijerland
Boezemsingel,21,"","",3261BC,Oud-Beijerland
Boezemsingel,3,"","",3261BC,Oud-Beijerland
Boezemsingel,5,"","",3261BC,Oud-Beijerland
Boezemsingel,7,"","",3261BC,Oud-Beijerland
Boezemsingel,9,"","",3261BC,Oud-Beijerland
Boezemsingel,10,"","",3261BD,Oud-Beijerland
Boezemsingel,12,"","",3261BD,Oud-Beijerland
Boezemsingel,14,"","",3261BD,Oud-Beijerland
Boezemsingel,16,"","",3261BD,Oud-Beijerland
Boezemsingel,18,"","",3261BD,Oud-Beijerland
Boezemsingel,2,"","",3261BD,Oud-Beijerland
Boezemsingel,20,"","",3261BD,Oud-Beijerland
Boezemsingel,22,"","",3261BD,Oud-Beijerland
Boezemsingel,24,"","",3261BD,Oud-Beijerland
Boezemsingel,26,"","",3261BD,Oud-Beijerland
Boezemsingel,28,"","",3261BD,Oud-Beijerland
Boezemsingel,30,"","",3261BD,Oud-Beijerland
Boezemsingel,32,"","",3261BD,Oud-Beijerland
Boezemsingel,34,"","",3261BD,Oud-Beijerland
Boezemsingel,36,"","",3261BD,Oud-Beijerland
Boezemsingel,38,"","",3261BD,Oud-Beijerland
Boezemsingel,4,"","",3261BD,Oud-Beijerland
Boezemsingel,40,"","",3261BD,Oud-Beijerland
Boezemsingel,42,"","",3261BD,Oud-Beijerland
Boezemsingel,6,"","",3261BD,Oud-Beijerland
Boezemsingel,8,"","",3261BD,Oud-Beijerland
Esdoornstraat,1,"","",3261BE,Oud-Beijerland
Esdoornstraat,10,"","",3261BE,Oud-Beijerland
Esdoornstraat,12,"","",3261BE,Oud-Beijerland
Esdoornstraat,14,"","",3261BE,Oud-Beijerland
Esdoornstraat,16,"","",3261BE,Oud-Beijerland
Esdoornstraat,18,"","",3261BE,Oud-Beijerland
Esdoornstraat,2,"","",3261BE,Oud-Beijerland
Esdoornstraat,20,"","",3261BE,Oud-Beijerland
Esdoornstraat,22,"","",3261BE,Oud-Beijerland
Esdoornstraat,24,"","",3261BE,Oud-Beijerland
Esdoornstraat,3,"","",3261BE,Oud-Beijerland
Esdoornstraat,4,"","",3261BE,Oud-Beijerland
Esdoornstraat,5,"","",3261BE,Oud-Beijerland
Esdoornstraat,6,"","",3261BE,Oud-Beijerland
Esdoornstraat,7,"","",3261BE,Oud-Beijerland
Esdoornstraat,7,A,"",3261BE,Oud-Beijerland
Esdoornstraat,7,B,"",3261BE,Oud-Beijerland
Esdoornstraat,7,C,"",3261BE,Oud-Beijerland
Esdoornstraat,8,"","",3261BE,Oud-Beijerland
Hortensiastraat,3,"","",3261BG,Oud-Beijerland
Hortensiastraat,5,"","",3261BG,Oud-Beijerland
Hortensiastraat,10,"","",3261BH,Oud-Beijerland
Hortensiastraat,12,"","",3261BH,Oud-Beijerland
Hortensiastraat,14,"","",3261BH,Oud-Beijerland
Hortensiastraat,16,"","",3261BH,Oud-Beijerland
Hortensiastraat,18,"","",3261BH,Oud-Beijerland
Hortensiastraat,2,"","",3261BH,Oud-Beijerland
Hortensiastraat,20,"","",3261BH,Oud-Beijerland
Hortensiastraat,22,"","",3261BH,Oud-Beijerland
Hortensiastraat,24,"","",3261BH,Oud-Beijerland
Hortensiastraat,26,"","",3261BH,Oud-Beijerland
Hortensiastraat,28,"","",3261BH,Oud-Beijerland
Hortensiastraat,30,"","",3261BH,Oud-Beijerland
Hortensiastraat,32,"","",3261BH,Oud-Beijerland
Hortensiastraat,34,"","",3261BH,Oud-Beijerland
Hortensiastraat,36,"","",3261BH,Oud-Beijerland
Hortensiastraat,38,"","",3261BH,Oud-Beijerland
Hortensiastraat,4,"","",3261BH,Oud-Beijerland
Hortensiastraat,40,"","",3261BH,Oud-Beijerland
Hortensiastraat,42,"","",3261BH,Oud-Beijerland
Hortensiastraat,6,"","",3261BH,Oud-Beijerland
Hortensiastraat,8,"","",3261BH,Oud-Beijerland
Hortensiastraat,44,"","",3261BJ,Oud-Beijerland
Hortensiastraat,44,A,"",3261BJ,Oud-Beijerland
Hortensiastraat,44,B,"",3261BJ,Oud-Beijerland
Hortensiastraat,44,C,"",3261BJ,Oud-Beijerland
Hortensiastraat,44,D,"",3261BJ,Oud-Beijerland
Hortensiastraat,44,E,"",3261BJ,Oud-Beijerland
Hortensiastraat,44,F,"",3261BJ,Oud-Beijerland
Hortensiastraat,44,G,"",3261BJ,Oud-Beijerland
Hortensiastraat,48,"","",3261BJ,Oud-Beijerland
Hortensiastraat,54,"","",3261BJ,Oud-Beijerland
Hortensiastraat,58,"","",3261BJ,Oud-Beijerland
Hortensiastraat,60,"","",3261BJ,Oud-Beijerland
Hortensiastraat,62,"","",3261BJ,Oud-Beijerland
Hortensiastraat,64,"","",3261BJ,Oud-Beijerland
Hortensiastraat,66,"","",3261BJ,Oud-Beijerland
Hortensiastraat,68,"","",3261BJ,Oud-Beijerland
Hortensiastraat,70,"","",3261BJ,Oud-Beijerland
Jasmijnstraat,1,"","",3261BK,Oud-Beijerland
Jasmijnstraat,10,A,"",3261BK,Oud-Beijerland
Jasmijnstraat,11,"","",3261BK,Oud-Beijerland
Jasmijnstraat,13,"","",3261BK,Oud-Beijerland
Jasmijnstraat,15,"","",3261BK,Oud-Beijerland
Jasmijnstraat,17,"","",3261BK,Oud-Beijerland
Jasmijnstraat,19,"","",3261BK,Oud-Beijerland
Jasmijnstraat,21,"","",3261BK,Oud-Beijerland
Jasmijnstraat,23,"","",3261BK,Oud-Beijerland
Jasmijnstraat,25,"","",3261BK,Oud-Beijerland
Jasmijnstraat,27,"","",3261BK,Oud-Beijerland
Jasmijnstraat,29,"","",3261BK,Oud-Beijerland
Jasmijnstraat,3,"","",3261BK,Oud-Beijerland
Jasmijnstraat,31,"","",3261BK,Oud-Beijerland
Jasmijnstraat,5,"","",3261BK,Oud-Beijerland
Jasmijnstraat,6,"","",3261BK,Oud-Beijerland
Jasmijnstraat,6,A,"",3261BK,Oud-Beijerland
Jasmijnstraat,7,"","",3261BK,Oud-Beijerland
Jasmijnstraat,9,"","",3261BK,Oud-Beijerland
Lijsterbesstraat,1,"","",3261BL,Oud-Beijerland
Lijsterbesstraat,10,"","",3261BL,Oud-Beijerland
Lijsterbesstraat,2,"","",3261BL,Oud-Beijerland
Lijsterbesstraat,3,"","",3261BL,Oud-Beijerland
Lijsterbesstraat,4,"","",3261BL,Oud-Beijerland
Lijsterbesstraat,5,"","",3261BL,Oud-Beijerland
Lijsterbesstraat,6,"","",3261BL,Oud-Beijerland
Lijsterbesstraat,7,"","",3261BL,Oud-Beijerland
Lijsterbesstraat,8,"","",3261BL,Oud-Beijerland
Mimosastraat,1,"","",3261BM,Oud-Beijerland
Mimosastraat,2,"","",3261BM,Oud-Beijerland
Oleanderstraat,1,"","",3261BN,Oud-Beijerland
Oleanderstraat,10,"","",3261BN,Oud-Beijerland
Oleanderstraat,11,"","",3261BN,Oud-Beijerland
Oleanderstraat,12,"","",3261BN,Oud-Beijerland
Oleanderstraat,14,"","",3261BN,Oud-Beijerland
Oleanderstraat,16,"","",3261BN,Oud-Beijerland
Oleanderstraat,18,"","",3261BN,Oud-Beijerland
Oleanderstraat,2,"","",3261BN,Oud-Beijerland
Oleanderstraat,20,"","",3261BN,Oud-Beijerland
Oleanderstraat,20,A,"",3261BN,Oud-Beijerland
Oleanderstraat,20,B,"",3261BN,Oud-Beijerland
Oleanderstraat,20,C,"",3261BN,Oud-Beijerland
Oleanderstraat,20,D,"",3261BN,Oud-Beijerland
Oleanderstraat,20,E,"",3261BN,Oud-Beijerland
Oleanderstraat,20,F,"",3261BN,Oud-Beijerland
Oleanderstraat,20,G,"",3261BN,Oud-Beijerland
Oleanderstraat,20,H,"",3261BN,Oud-Beijerland
Oleanderstraat,20,I,"",3261BN,Oud-Beijerland
Oleanderstraat,20,J,"",3261BN,Oud-Beijerland
Oleanderstraat,20,K,"",3261BN,Oud-Beijerland
Oleanderstraat,20,L,"",3261BN,Oud-Beijerland
Oleanderstraat,20,M,"",3261BN,Oud-Beijerland
Oleanderstraat,3,"","",3261BN,Oud-Beijerland
Oleanderstraat,4,"","",3261BN,Oud-Beijerland
Oleanderstraat,5,"","",3261BN,Oud-Beijerland
Oleanderstraat,6,"","",3261BN,Oud-Beijerland
Oleanderstraat,7,"","",3261BN,Oud-Beijerland
Oleanderstraat,8,"","",3261BN,Oud-Beijerland
Oleanderstraat,9,"","",3261BN,Oud-Beijerland
Orchideestraat,1,"","",3261BP,Oud-Beijerland
Orchideestraat,10,"","",3261BP,Oud-Beijerland
Orchideestraat,11,"","",3261BP,Oud-Beijerland
Orchideestraat,12,"","",3261BP,Oud-Beijerland
Orchideestraat,13,"","",3261BP,Oud-Beijerland
Orchideestraat,14,"","",3261BP,Oud-Beijerland
Orchideestraat,15,"","",3261BP,Oud-Beijerland
Orchideestraat,16,"","",3261BP,Oud-Beijerland
Orchideestraat,18,"","",3261BP,Oud-Beijerland
Orchideestraat,2,"","",3261BP,Oud-Beijerland
Orchideestraat,20,"","",3261BP,Oud-Beijerland
Orchideestraat,3,"","",3261BP,Oud-Beijerland
Orchideestraat,4,"","",3261BP,Oud-Beijerland
Orchideestraat,5,"","",3261BP,Oud-Beijerland
Orchideestraat,6,"","",3261BP,Oud-Beijerland
Orchideestraat,7,"","",3261BP,Oud-Beijerland
Orchideestraat,7,A,"",3261BP,Oud-Beijerland
Orchideestraat,7,B,"",3261BP,Oud-Beijerland
Orchideestraat,7,C,"",3261BP,Oud-Beijerland
Orchideestraat,8,"","",3261BP,Oud-Beijerland
Orchideestraat,9,"","",3261BP,Oud-Beijerland
Ranonkelstraat,1,"","",3261BR,Oud-Beijerland
Ranonkelstraat,11,"","",3261BR,Oud-Beijerland
Ranonkelstraat,13,"","",3261BR,Oud-Beijerland
Ranonkelstraat,15,"","",3261BR,Oud-Beijerland
Ranonkelstraat,17,"","",3261BR,Oud-Beijerland
Ranonkelstraat,19,"","",3261BR,Oud-Beijerland
Ranonkelstraat,21,"","",3261BR,Oud-Beijerland
Ranonkelstraat,23,"","",3261BR,Oud-Beijerland
Ranonkelstraat,25,"","",3261BR,Oud-Beijerland
Ranonkelstraat,27,"","",3261BR,Oud-Beijerland
Ranonkelstraat,29,"","",3261BR,Oud-Beijerland
Ranonkelstraat,3,"","",3261BR,Oud-Beijerland
Ranonkelstraat,31,"","",3261BR,Oud-Beijerland
Ranonkelstraat,33,"","",3261BR,Oud-Beijerland
Ranonkelstraat,35,"","",3261BR,Oud-Beijerland
Ranonkelstraat,5,"","",3261BR,Oud-Beijerland
Ranonkelstraat,7,"","",3261BR,Oud-Beijerland
Ranonkelstraat,9,"","",3261BR,Oud-Beijerland
Ranonkelstraat,37,"","",3261BS,Oud-Beijerland
Ranonkelstraat,39,"","",3261BS,Oud-Beijerland
Ranonkelstraat,41,"","",3261BS,Oud-Beijerland
Ranonkelstraat,43,"","",3261BS,Oud-Beijerland
Ranonkelstraat,45,"","",3261BS,Oud-Beijerland
Ranonkelstraat,47,"","",3261BS,Oud-Beijerland
Ranonkelstraat,49,"","",3261BS,Oud-Beijerland
Ranonkelstraat,51,"","",3261BS,Oud-Beijerland
Ranonkelstraat,53,"","",3261BS,Oud-Beijerland
Ranonkelstraat,55,"","",3261BS,Oud-Beijerland
Ranonkelstraat,57,"","",3261BS,Oud-Beijerland
Ranonkelstraat,59,"","",3261BS,Oud-Beijerland
Ranonkelstraat,61,"","",3261BS,Oud-Beijerland
Ranonkelstraat,63,"","",3261BS,Oud-Beijerland
Ranonkelstraat,65,"","",3261BS,Oud-Beijerland
Ranonkelstraat,67,"","",3261BS,Oud-Beijerland
Ranonkelstraat,69,"","",3261BS,Oud-Beijerland
Ranonkelstraat,71,"","",3261BS,Oud-Beijerland
Ranonkelstraat,101,"","",3261BT,Oud-Beijerland
Ranonkelstraat,103,"","",3261BT,Oud-Beijerland
Ranonkelstraat,105,"","",3261BT,Oud-Beijerland
Ranonkelstraat,107,"","",3261BT,Oud-Beijerland
Ranonkelstraat,109,"","",3261BT,Oud-Beijerland
Ranonkelstraat,111,"","",3261BT,Oud-Beijerland
Ranonkelstraat,113,"","",3261BT,Oud-Beijerland
Ranonkelstraat,115,"","",3261BT,Oud-Beijerland
Ranonkelstraat,73,"","",3261BT,Oud-Beijerland
Ranonkelstraat,75,"","",3261BT,Oud-Beijerland
Ranonkelstraat,77,"","",3261BT,Oud-Beijerland
Ranonkelstraat,79,"","",3261BT,Oud-Beijerland
Ranonkelstraat,81,"","",3261BT,Oud-Beijerland
Ranonkelstraat,83,"","",3261BT,Oud-Beijerland
Ranonkelstraat,85,"","",3261BT,Oud-Beijerland
Ranonkelstraat,87,"","",3261BT,Oud-Beijerland
Ranonkelstraat,89,"","",3261BT,Oud-Beijerland
Ranonkelstraat,91,"","",3261BT,Oud-Beijerland
Ranonkelstraat,93,"","",3261BT,Oud-Beijerland
Ranonkelstraat,95,"","",3261BT,Oud-Beijerland
Ranonkelstraat,97,"","",3261BT,Oud-Beijerland
Ranonkelstraat,99,"","",3261BT,Oud-Beijerland
Ranonkelstraat,10,"","",3261BV,Oud-Beijerland
Ranonkelstraat,12,"","",3261BV,Oud-Beijerland
Ranonkelstraat,14,"","",3261BV,Oud-Beijerland
Ranonkelstraat,16,"","",3261BV,Oud-Beijerland
Ranonkelstraat,18,"","",3261BV,Oud-Beijerland
Ranonkelstraat,2,"","",3261BV,Oud-Beijerland
Ranonkelstraat,20,"","",3261BV,Oud-Beijerland
Ranonkelstraat,22,"","",3261BV,Oud-Beijerland
Ranonkelstraat,24,"","",3261BV,Oud-Beijerland
Ranonkelstraat,26,"","",3261BV,Oud-Beijerland
Ranonkelstraat,28,"","",3261BV,Oud-Beijerland
Ranonkelstraat,30,"","",3261BV,Oud-Beijerland
Ranonkelstraat,32,"","",3261BV,Oud-Beijerland
Ranonkelstraat,34,"","",3261BV,Oud-Beijerland
Ranonkelstraat,36,"","",3261BV,Oud-Beijerland
Ranonkelstraat,38,"","",3261BV,Oud-Beijerland
Ranonkelstraat,4,"","",3261BV,Oud-Beijerland
Ranonkelstraat,40,"","",3261BV,Oud-Beijerland
Ranonkelstraat,42,"","",3261BV,Oud-Beijerland
Ranonkelstraat,44,"","",3261BV,Oud-Beijerland
Ranonkelstraat,46,"","",3261BV,Oud-Beijerland
Ranonkelstraat,48,"","",3261BV,Oud-Beijerland
Ranonkelstraat,48,A,"",3261BV,Oud-Beijerland
Ranonkelstraat,48,B,"",3261BV,Oud-Beijerland
Ranonkelstraat,48,C,"",3261BV,Oud-Beijerland
Ranonkelstraat,48,D,"",3261BV,Oud-Beijerland
Ranonkelstraat,48,E,"",3261BV,Oud-Beijerland
Ranonkelstraat,50,"","",3261BV,Oud-Beijerland
Ranonkelstraat,52,"","",3261BV,Oud-Beijerland
Ranonkelstraat,54,"","",3261BV,Oud-Beijerland
Ranonkelstraat,56,"","",3261BV,Oud-Beijerland
Ranonkelstraat,6,"","",3261BV,Oud-Beijerland
Ranonkelstraat,8,"","",3261BV,Oud-Beijerland
Ranonkelstraat,100,"","",3261BW,Oud-Beijerland
Ranonkelstraat,102,"","",3261BW,Oud-Beijerland
Ranonkelstraat,104,"","",3261BW,Oud-Beijerland
Ranonkelstraat,106,"","",3261BW,Oud-Beijerland
Ranonkelstraat,108,"","",3261BW,Oud-Beijerland
Ranonkelstraat,110,"","",3261BW,Oud-Beijerland
Ranonkelstraat,110,"","",3261BW,Oud-Beijerland
Ranonkelstraat,112,"","",3261BW,Oud-Beijerland
Ranonkelstraat,58,"","",3261BW,Oud-Beijerland
Ranonkelstraat,60,"","",3261BW,Oud-Beijerland
Ranonkelstraat,60,A,"",3261BW,Oud-Beijerland
Ranonkelstraat,60,B,"",3261BW,Oud-Beijerland
Ranonkelstraat,62,"","",3261BW,Oud-Beijerland
Ranonkelstraat,64,"","",3261BW,Oud-Beijerland
Ranonkelstraat,66,"","",3261BW,Oud-Beijerland
Ranonkelstraat,68,"","",3261BW,Oud-Beijerland
Ranonkelstraat,70,"","",3261BW,Oud-Beijerland
Ranonkelstraat,72,"","",3261BW,Oud-Beijerland
Ranonkelstraat,74,"","",3261BW,Oud-Beijerland
Ranonkelstraat,76,"","",3261BW,Oud-Beijerland
Ranonkelstraat,78,"","",3261BW,Oud-Beijerland
Ranonkelstraat,80,"","",3261BW,Oud-Beijerland
Ranonkelstraat,82,"","",3261BW,Oud-Beijerland
Ranonkelstraat,82,A,"",3261BW,Oud-Beijerland
Ranonkelstraat,82,B,"",3261BW,Oud-Beijerland
Ranonkelstraat,82,C,"",3261BW,Oud-Beijerland
Ranonkelstraat,82,D,"",3261BW,Oud-Beijerland
Ranonkelstraat,82,E,"",3261BW,Oud-Beijerland
Ranonkelstraat,84,"","",3261BW,Oud-Beijerland
Ranonkelstraat,86,"","",3261BW,Oud-Beijerland
Ranonkelstraat,88,"","",3261BW,Oud-Beijerland
Ranonkelstraat,90,"","",3261BW,Oud-Beijerland
Ranonkelstraat,92,"","",3261BW,Oud-Beijerland
Ranonkelstraat,94,"","",3261BW,Oud-Beijerland
Ranonkelstraat,94,A,"",3261BW,Oud-Beijerland
Ranonkelstraat,94,B,"",3261BW,Oud-Beijerland
Ranonkelstraat,96,"","",3261BW,Oud-Beijerland
Ranonkelstraat,98,"","",3261BW,Oud-Beijerland
Vuurdoornstraat,1,"","",3261BX,Oud-Beijerland
Vuurdoornstraat,2,"","",3261BX,Oud-Beijerland
Vuurdoornstraat,3,"","",3261BX,Oud-Beijerland
Vuurdoornstraat,4,"","",3261BX,Oud-Beijerland
Koninginneweg,21,"","",3261CA,Oud-Beijerland
Koninginneweg,23,"","",3261CA,Oud-Beijerland
Koninginneweg,25,"","",3261CA,Oud-Beijerland
Koninginneweg,27,"","",3261CA,Oud-Beijerland
Koninginneweg,29,"","",3261CA,Oud-Beijerland
Koninginneweg,3,"","",3261CA,Oud-Beijerland
Koninginneweg,31,"","",3261CA,Oud-Beijerland
Koninginneweg,33,"","",3261CA,Oud-Beijerland
Koninginneweg,35,"","",3261CA,Oud-Beijerland
Koninginneweg,37,"","",3261CA,Oud-Beijerland
Koninginneweg,39,"","",3261CA,Oud-Beijerland
Koninginneweg,41,"","",3261CA,Oud-Beijerland
Koninginneweg,5,"","",3261CA,Oud-Beijerland
Koninginneweg,9,"","",3261CA,Oud-Beijerland
Koninginneweg,101,"","",3261CB,Oud-Beijerland
Koninginneweg,103,"","",3261CB,Oud-Beijerland
Koninginneweg,105,"","",3261CB,Oud-Beijerland
Koninginneweg,105,"","",3261CB,Oud-Beijerland
Koninginneweg,107,"","",3261CB,Oud-Beijerland
Koninginneweg,49,"","",3261CB,Oud-Beijerland
Koninginneweg,51,"","",3261CB,Oud-Beijerland
Koninginneweg,53,"","",3261CB,Oud-Beijerland
Koninginneweg,55,"","",3261CB,Oud-Beijerland
Koninginneweg,57,"","",3261CB,Oud-Beijerland
Koninginneweg,59,"","",3261CB,Oud-Beijerland
Koninginneweg,61,"","",3261CB,Oud-Beijerland
Koninginneweg,63,"","",3261CB,Oud-Beijerland
Koninginneweg,65,"","",3261CB,Oud-Beijerland
Koninginneweg,67,"","",3261CB,Oud-Beijerland
Koninginneweg,69,"","",3261CB,Oud-Beijerland
Koninginneweg,71,"","",3261CB,Oud-Beijerland
Koninginneweg,71,"","",3261CB,Oud-Beijerland
Koninginneweg,71,A,"",3261CB,Oud-Beijerland
Koninginneweg,73,"","",3261CB,Oud-Beijerland
Koninginneweg,75,"","",3261CB,Oud-Beijerland
Koninginneweg,77,"","",3261CB,Oud-Beijerland
Koninginneweg,79,"","",3261CB,Oud-Beijerland
Koninginneweg,81,"","",3261CB,Oud-Beijerland
Koninginneweg,83,"","",3261CB,Oud-Beijerland
Koninginneweg,89,"","",3261CB,Oud-Beijerland
Koninginneweg,91,"","",3261CB,Oud-Beijerland
Koninginneweg,93,"","",3261CB,Oud-Beijerland
Koninginneweg,95,"","",3261CB,Oud-Beijerland
Koninginneweg,97,"","",3261CB,Oud-Beijerland
Koninginneweg,99,"","",3261CB,Oud-Beijerland
Pad van Jongejan,1,"","",3261CC,Oud-Beijerland
Pad van Jongejan,11,"","",3261CC,Oud-Beijerland
Pad van Jongejan,2,"","",3261CC,Oud-Beijerland
Pad van Jongejan,3,"","",3261CC,Oud-Beijerland
Pad van Jongejan,3,"","",3261CC,Oud-Beijerland
Pad van Jongejan,5,"","",3261CC,Oud-Beijerland
Pad van Jongejan,7,"","",3261CC,Oud-Beijerland
Pad van Jongejan,9,"","",3261CC,Oud-Beijerland
Dokter Kroesenring,1,"","",3261CD,Oud-Beijerland
Dokter Kroesenring,1,"","",3261CD,Oud-Beijerland
Dokter Kroesenring,11,"","",3261CD,Oud-Beijerland
Dokter Kroesenring,11,"","",3261CD,Oud-Beijerland
Dokter Kroesenring,17,"","",3261CD,Oud-Beijerland
Dokter Kroesenring,17,"","",3261CD,Oud-Beijerland
Dokter Kroesenring,19,"","",3261CD,Oud-Beijerland
Dokter Kroesenring,19,"","",3261CD,Oud-Beijerland
Dokter Kroesenring,21,"","",3261CD,Oud-Beijerland
Dokter Kroesenring,21,"","",3261CD,Oud-Beijerland
Dokter Kroesenring,23,"","",3261CD,Oud-Beijerland
Dokter Kroesenring,23,"","",3261CD,Oud-Beijerland
Dokter Kroesenring,25,"","",3261CD,Oud-Beijerland
Dokter Kroesenring,25,"","",3261CD,Oud-Beijerland
Dokter Kroesenring,27,"","",3261CD,Oud-Beijerland
Dokter Kroesenring,27,"","",3261CD,Oud-Beijerland
Dokter Kroesenring,29,"","",3261CD,Oud-Beijerland
Dokter Kroesenring,29,"","",3261CD,Oud-Beijerland
Dokter Kroesenring,3,"","",3261CD,Oud-Beijerland
Dokter Kroesenring,3,"","",3261CD,Oud-Beijerland
Dokter Kroesenring,31,"","",3261CD,Oud-Beijerland
Dokter Kroesenring,31,"","",3261CD,Oud-Beijerland
Dokter Kroesenring,33,"","",3261CD,Oud-Beijerland
Dokter Kroesenring,33,"","",3261CD,Oud-Beijerland
Dokter Kroesenring,35,"","",3261CD,Oud-Beijerland
Dokter Kroesenring,35,"","",3261CD,Oud-Beijerland
Dokter Kroesenring,37,"","",3261CD,Oud-Beijerland
Dokter Kroesenring,37,"","",3261CD,Oud-Beijerland
Dokter Kroesenring,39,"","",3261CD,Oud-Beijerland
Dokter Kroesenring,39,"","",3261CD,Oud-Beijerland
Dokter Kroesenring,41,"","",3261CD,Oud-Beijerland
Dokter Kroesenring,41,"","",3261CD,Oud-Beijerland
Dokter Kroesenring,43,"","",3261CD,Oud-Beijerland
Dokter Kroesenring,43,"","",3261CD,Oud-Beijerland
Dokter Kroesenring,5,"","",3261CD,Oud-Beijerland
Dokter Kroesenring,5,"","",3261CD,Oud-Beijerland
Dokter Kroesenring,7,"","",3261CD,Oud-Beijerland
Dokter Kroesenring,7,"","",3261CD,Oud-Beijerland
Dokter Kroesenring,9,"","",3261CD,Oud-Beijerland
Dokter Kroesenring,9,"","",3261CD,Oud-Beijerland
Dokter Kroesenring,16,"","",3261CE,Oud-Beijerland
Dokter Kroesenring,16,"","",3261CE,Oud-Beijerland
Dokter Kroesenring,18,"","",3261CE,Oud-Beijerland
Dokter Kroesenring,18,"","",3261CE,Oud-Beijerland
Dokter Kroesenring,20,"","",3261CE,Oud-Beijerland
Dokter Kroesenring,20,"","",3261CE,Oud-Beijerland
Dokter Kroesenring,22,"","",3261CE,Oud-Beijerland
Dokter Kroesenring,22,"","",3261CE,Oud-Beijerland
Dokter Kroesenring,24,"","",3261CE,Oud-Beijerland
Dokter Kroesenring,24,"","",3261CE,Oud-Beijerland
Dokter Kroesenring,26,"","",3261CE,Oud-Beijerland
Dokter Kroesenring,26,"","",3261CE,Oud-Beijerland
Dokter Kroesenring,28,"","",3261CE,Oud-Beijerland
Dokter Kroesenring,28,"","",3261CE,Oud-Beijerland
Dokter Kroesenring,30,"","",3261CE,Oud-Beijerland
Dokter Kroesenring,30,"","",3261CE,Oud-Beijerland
Dokter Kroesenring,32,"","",3261CG,Oud-Beijerland
Dokter Kroesenring,32,"","",3261CG,Oud-Beijerland
Dokter Kroesenring,34,"","",3261CG,Oud-Beijerland
Dokter Kroesenring,34,"","",3261CG,Oud-Beijerland
Dokter Kroesenring,36,"","",3261CG,Oud-Beijerland
Dokter Kroesenring,36,"","",3261CG,Oud-Beijerland
Dokter Kroesenring,38,"","",3261CG,Oud-Beijerland
Dokter Kroesenring,38,"","",3261CG,Oud-Beijerland
Dokter Kroesenring,40,"","",3261CG,Oud-Beijerland
Dokter Kroesenring,40,"","",3261CG,Oud-Beijerland
Dokter Kroesenring,42,"","",3261CG,Oud-Beijerland
Dokter Kroesenring,42,"","",3261CG,Oud-Beijerland
Dokter Kroesenring,44,"","",3261CG,Oud-Beijerland
Dokter Kroesenring,44,"","",3261CG,Oud-Beijerland
Dokter Kroesenring,46,"","",3261CG,Oud-Beijerland
Dokter Kroesenring,46,"","",3261CG,Oud-Beijerland
Dokter Kroesenring,48,"","",3261CG,Oud-Beijerland
Dokter Kroesenring,48,"","",3261CG,Oud-Beijerland
Dokter Kroesenring,50,"","",3261CG,Oud-Beijerland
Dokter Kroesenring,50,"","",3261CG,Oud-Beijerland
Dokter Kroesenring,52,"","",3261CG,Oud-Beijerland
Dokter Kroesenring,52,"","",3261CG,Oud-Beijerland
Dokter Kroesenring,54,"","",3261CG,Oud-Beijerland
Dokter Kroesenring,54,"","",3261CG,Oud-Beijerland
Dokter Kroesenring,56,"","",3261CG,Oud-Beijerland
Dokter Kroesenring,56,"","",3261CG,Oud-Beijerland
Dokter Kroesenring,58,"","",3261CG,Oud-Beijerland
Dokter Kroesenring,58,"","",3261CG,Oud-Beijerland
Dokter Kroesenring,60,"","",3261CG,Oud-Beijerland
Dokter Kroesenring,60,"","",3261CG,Oud-Beijerland
Dokter Kroesenring,62,"","",3261CG,Oud-Beijerland
Dokter Kroesenring,62,"","",3261CG,Oud-Beijerland
Dokter Kroesenring,64,"","",3261CG,Oud-Beijerland
Dokter Kroesenring,64,"","",3261CG,Oud-Beijerland
Dokter Kroesenring,66,"","",3261CG,Oud-Beijerland
Dokter Kroesenring,66,"","",3261CG,Oud-Beijerland
Dokter Kroesenring,68,"","",3261CG,Oud-Beijerland
Dokter Kroesenring,68,"","",3261CG,Oud-Beijerland
Dokter Kroesenring,70,"","",3261CH,Oud-Beijerland
Dokter Kroesenring,70,"","",3261CH,Oud-Beijerland
Dokter Kroesenring,72,"","",3261CH,Oud-Beijerland
Dokter Kroesenring,72,"","",3261CH,Oud-Beijerland
Dokter Kroesenring,74,"","",3261CH,Oud-Beijerland
Dokter Kroesenring,74,"","",3261CH,Oud-Beijerland
Dokter Kroesenring,76,"","",3261CH,Oud-Beijerland
Dokter Kroesenring,76,"","",3261CH,Oud-Beijerland
Dokter Kroesenring,78,"","",3261CH,Oud-Beijerland
Dokter Kroesenring,78,"","",3261CH,Oud-Beijerland
Dokter Kroesenring,80,"","",3261CH,Oud-Beijerland
Dokter Kroesenring,80,"","",3261CH,Oud-Beijerland
Dokter Kroesenring,82,"","",3261CH,Oud-Beijerland
Dokter Kroesenring,82,"","",3261CH,Oud-Beijerland
Dokter Kroesenring,84,"","",3261CH,Oud-Beijerland
Dokter Kroesenring,84,"","",3261CH,Oud-Beijerland
Dokter Kroesenring,86,"","",3261CH,Oud-Beijerland
Dokter Kroesenring,86,"","",3261CH,Oud-Beijerland
Dokter Herskade,1,"","",3261CJ,Oud-Beijerland
Dokter Herskade,1,"","",3261CJ,Oud-Beijerland
Dokter Herskade,10,"","",3261CJ,Oud-Beijerland
Dokter Herskade,10,"","",3261CJ,Oud-Beijerland
Dokter Herskade,11,"","",3261CJ,Oud-Beijerland
Dokter Herskade,11,"","",3261CJ,Oud-Beijerland
Dokter Herskade,12,"","",3261CJ,Oud-Beijerland
Dokter Herskade,12,"","",3261CJ,Oud-Beijerland
Dokter Herskade,13,"","",3261CJ,Oud-Beijerland
Dokter Herskade,13,"","",3261CJ,Oud-Beijerland
Dokter Herskade,14,"","",3261CJ,Oud-Beijerland
Dokter Herskade,14,"","",3261CJ,Oud-Beijerland
Dokter Herskade,16,"","",3261CJ,Oud-Beijerland
Dokter Herskade,16,"","",3261CJ,Oud-Beijerland
Dokter Herskade,18,"","",3261CJ,Oud-Beijerland
Dokter Herskade,18,"","",3261CJ,Oud-Beijerland
Dokter Herskade,2,"","",3261CJ,Oud-Beijerland
Dokter Herskade,2,"","",3261CJ,Oud-Beijerland
Dokter Herskade,20,"","",3261CJ,Oud-Beijerland
Dokter Herskade,20,"","",3261CJ,Oud-Beijerland
Dokter Herskade,22,"","",3261CJ,Oud-Beijerland
Dokter Herskade,22,"","",3261CJ,Oud-Beijerland
Dokter Herskade,24,"","",3261CJ,Oud-Beijerland
Dokter Herskade,24,"","",3261CJ,Oud-Beijerland
Dokter Herskade,26,"","",3261CJ,Oud-Beijerland
Dokter Herskade,26,"","",3261CJ,Oud-Beijerland
Dokter Herskade,28,"","",3261CJ,Oud-Beijerland
Dokter Herskade,28,"","",3261CJ,Oud-Beijerland
Dokter Herskade,3,"","",3261CJ,Oud-Beijerland
Dokter Herskade,3,"","",3261CJ,Oud-Beijerland
Dokter Herskade,30,"","",3261CJ,Oud-Beijerland
Dokter Herskade,30,"","",3261CJ,Oud-Beijerland
Dokter Herskade,32,"","",3261CJ,Oud-Beijerland
Dokter Herskade,32,"","",3261CJ,Oud-Beijerland
Dokter Herskade,34,"","",3261CJ,Oud-Beijerland
Dokter Herskade,34,"","",3261CJ,Oud-Beijerland
Dokter Herskade,36,"","",3261CJ,Oud-Beijerland
Dokter Herskade,36,"","",3261CJ,Oud-Beijerland
Dokter Herskade,38,"","",3261CJ,Oud-Beijerland
Dokter Herskade,38,"","",3261CJ,Oud-Beijerland
Dokter Herskade,4,"","",3261CJ,Oud-Beijerland
Dokter Herskade,4,"","",3261CJ,Oud-Beijerland
Dokter Herskade,40,"","",3261CJ,Oud-Beijerland
Dokter Herskade,40,"","",3261CJ,Oud-Beijerland
Dokter Herskade,42,"","",3261CJ,Oud-Beijerland
Dokter Herskade,42,"","",3261CJ,Oud-Beijerland
Dokter Herskade,44,"","",3261CJ,Oud-Beijerland
Dokter Herskade,44,"","",3261CJ,Oud-Beijerland
Dokter Herskade,46,"","",3261CJ,Oud-Beijerland
Dokter Herskade,46,"","",3261CJ,Oud-Beijerland
Dokter Herskade,48,"","",3261CJ,Oud-Beijerland
Dokter Herskade,48,"","",3261CJ,Oud-Beijerland
Dokter Herskade,5,"","",3261CJ,Oud-Beijerland
Dokter Herskade,5,"","",3261CJ,Oud-Beijerland
Dokter Herskade,50,"","",3261CJ,Oud-Beijerland
Dokter Herskade,50,"","",3261CJ,Oud-Beijerland
Dokter Herskade,52,"","",3261CJ,Oud-Beijerland
Dokter Herskade,52,"","",3261CJ,Oud-Beijerland
Dokter Herskade,54,"","",3261CJ,Oud-Beijerland
Dokter Herskade,54,"","",3261CJ,Oud-Beijerland
Dokter Herskade,6,"","",3261CJ,Oud-Beijerland
Dokter Herskade,6,"","",3261CJ,Oud-Beijerland
Dokter Herskade,7,"","",3261CJ,Oud-Beijerland
Dokter Herskade,7,"","",3261CJ,Oud-Beijerland
Dokter Herskade,8,"","",3261CJ,Oud-Beijerland
Dokter Herskade,8,"","",3261CJ,Oud-Beijerland
Dokter Herskade,9,"","",3261CJ,Oud-Beijerland
Dokter Herskade,9,"","",3261CJ,Oud-Beijerland
Dokter Van Dongenkade,1,"","",3261CK,Oud-Beijerland
Dokter Van Dongenkade,1,"","",3261CK,Oud-Beijerland
Dokter Van Dongenkade,10,"","",3261CK,Oud-Beijerland
Dokter Van Dongenkade,10,"","",3261CK,Oud-Beijerland
Dokter Van Dongenkade,11,"","",3261CK,Oud-Beijerland
Dokter Van Dongenkade,11,"","",3261CK,Oud-Beijerland
Dokter Van Dongenkade,12,"","",3261CK,Oud-Beijerland
Dokter Van Dongenkade,12,"","",3261CK,Oud-Beijerland
Dokter Van Dongenkade,13,"","",3261CK,Oud-Beijerland
Dokter Van Dongenkade,13,"","",3261CK,Oud-Beijerland
Dokter Van Dongenkade,14,"","",3261CK,Oud-Beijerland
Dokter Van Dongenkade,14,"","",3261CK,Oud-Beijerland
Dokter Van Dongenkade,15,"","",3261CK,Oud-Beijerland
Dokter Van Dongenkade,15,"","",3261CK,Oud-Beijerland
Dokter Van Dongenkade,16,"","",3261CK,Oud-Beijerland
Dokter Van Dongenkade,16,"","",3261CK,Oud-Beijerland
Dokter Van Dongenkade,17,"","",3261CK,Oud-Beijerland
Dokter Van Dongenkade,17,"","",3261CK,Oud-Beijerland
Dokter Van Dongenkade,18,"","",3261CK,Oud-Beijerland
Dokter Van Dongenkade,18,"","",3261CK,Oud-Beijerland
Dokter Van Dongenkade,19,"","",3261CK,Oud-Beijerland
Dokter Van Dongenkade,19,"","",3261CK,Oud-Beijerland
Dokter Van Dongenkade,2,"","",3261CK,Oud-Beijerland
Dokter Van Dongenkade,2,"","",3261CK,Oud-Beijerland
Dokter Van Dongenkade,20,"","",3261CK,Oud-Beijerland
Dokter Van Dongenkade,20,"","",3261CK,Oud-Beijerland
Dokter Van Dongenkade,21,"","",3261CK,Oud-Beijerland
Dokter Van Dongenkade,21,"","",3261CK,Oud-Beijerland
Dokter Van Dongenkade,22,"","",3261CK,Oud-Beijerland
Dokter Van Dongenkade,22,"","",3261CK,Oud-Beijerland
Dokter Van Dongenkade,23,"","",3261CK,Oud-Beijerland
Dokter Van Dongenkade,23,"","",3261CK,Oud-Beijerland
Dokter Van Dongenkade,24,"","",3261CK,Oud-Beijerland
Dokter Van Dongenkade,24,"","",3261CK,Oud-Beijerland
Dokter Van Dongenkade,25,"","",3261CK,Oud-Beijerland
Dokter Van Dongenkade,25,"","",3261CK,Oud-Beijerland
Dokter Van Dongenkade,27,"","",3261CK,Oud-Beijerland
Dokter Van Dongenkade,27,"","",3261CK,Oud-Beijerland
Dokter Van Dongenkade,29,"","",3261CK,Oud-Beijerland
Dokter Van Dongenkade,29,"","",3261CK,Oud-Beijerland
Dokter Van Dongenkade,3,"","",3261CK,Oud-Beijerland
Dokter Van Dongenkade,3,"","",3261CK,Oud-Beijerland
Dokter Van Dongenkade,31,"","",3261CK,Oud-Beijerland
Dokter Van Dongenkade,31,"","",3261CK,Oud-Beijerland
Dokter Van Dongenkade,33,"","",3261CK,Oud-Beijerland
Dokter Van Dongenkade,33,"","",3261CK,Oud-Beijerland
Dokter Van Dongenkade,35,"","",3261CK,Oud-Beijerland
Dokter Van Dongenkade,35,"","",3261CK,Oud-Beijerland
Dokter Van Dongenkade,37,"","",3261CK,Oud-Beijerland
Dokter Van Dongenkade,37,"","",3261CK,Oud-Beijerland
Dokter Van Dongenkade,39,"","",3261CK,Oud-Beijerland
Dokter Van Dongenkade,39,"","",3261CK,Oud-Beijerland
Dokter Van Dongenkade,4,"","",3261CK,Oud-Beijerland
Dokter Van Dongenkade,4,"","",3261CK,Oud-Beijerland
Dokter Van Dongenkade,41,"","",3261CK,Oud-Beijerland
Dokter Van Dongenkade,41,"","",3261CK,Oud-Beijerland
Dokter Van Dongenkade,43,"","",3261CK,Oud-Beijerland
Dokter Van Dongenkade,43,"","",3261CK,Oud-Beijerland
Dokter Van Dongenkade,45,"","",3261CK,Oud-Beijerland
Dokter Van Dongenkade,45,"","",3261CK,Oud-Beijerland
Dokter Van Dongenkade,47,"","",3261CK,Oud-Beijerland
Dokter Van Dongenkade,47,"","",3261CK,Oud-Beijerland
Dokter Van Dongenkade,49,"","",3261CK,Oud-Beijerland
Dokter Van Dongenkade,49,"","",3261CK,Oud-Beijerland
Dokter Van Dongenkade,5,"","",3261CK,Oud-Beijerland
Dokter Van Dongenkade,5,"","",3261CK,Oud-Beijerland
Dokter Van Dongenkade,51,"","",3261CK,Oud-Beijerland
Dokter Van Dongenkade,51,"","",3261CK,Oud-Beijerland
Dokter Van Dongenkade,6,"","",3261CK,Oud-Beijerland
Dokter Van Dongenkade,6,"","",3261CK,Oud-Beijerland
Dokter Van Dongenkade,7,"","",3261CK,Oud-Beijerland
Dokter Van Dongenkade,7,"","",3261CK,Oud-Beijerland
Dokter Van Dongenkade,8,"","",3261CK,Oud-Beijerland
Dokter Van Dongenkade,8,"","",3261CK,Oud-Beijerland
Dokter Van Dongenkade,9,"","",3261CK,Oud-Beijerland
Dokter Van Dongenkade,9,"","",3261CK,Oud-Beijerland
Dokter Duyvendakhof,1,"","",3261CL,Oud-Beijerland
Dokter Duyvendakhof,1,"","",3261CL,Oud-Beijerland
Dokter Duyvendakhof,10,"","",3261CL,Oud-Beijerland
Dokter Duyvendakhof,10,"","",3261CL,Oud-Beijerland
Dokter Duyvendakhof,11,"","",3261CL,Oud-Beijerland
Dokter Duyvendakhof,11,"","",3261CL,Oud-Beijerland
Dokter Duyvendakhof,12,"","",3261CL,Oud-Beijerland
Dokter Duyvendakhof,12,"","",3261CL,Oud-Beijerland
Dokter Duyvendakhof,14,"","",3261CL,Oud-Beijerland
Dokter Duyvendakhof,14,"","",3261CL,Oud-Beijerland
Dokter Duyvendakhof,16,"","",3261CL,Oud-Beijerland
Dokter Duyvendakhof,16,"","",3261CL,Oud-Beijerland
Dokter Duyvendakhof,18,"","",3261CL,Oud-Beijerland
Dokter Duyvendakhof,18,"","",3261CL,Oud-Beijerland
Dokter Duyvendakhof,2,"","",3261CL,Oud-Beijerland
Dokter Duyvendakhof,2,"","",3261CL,Oud-Beijerland
Dokter Duyvendakhof,20,"","",3261CL,Oud-Beijerland
Dokter Duyvendakhof,20,"","",3261CL,Oud-Beijerland
Dokter Duyvendakhof,22,"","",3261CL,Oud-Beijerland
Dokter Duyvendakhof,22,"","",3261CL,Oud-Beijerland
Dokter Duyvendakhof,24,"","",3261CL,Oud-Beijerland
Dokter Duyvendakhof,24,"","",3261CL,Oud-Beijerland
Dokter Duyvendakhof,26,"","",3261CL,Oud-Beijerland
Dokter Duyvendakhof,26,"","",3261CL,Oud-Beijerland
Dokter Duyvendakhof,28,"","",3261CL,Oud-Beijerland
Dokter Duyvendakhof,28,"","",3261CL,Oud-Beijerland
Dokter Duyvendakhof,3,"","",3261CL,Oud-Beijerland
Dokter Duyvendakhof,3,"","",3261CL,Oud-Beijerland
Dokter Duyvendakhof,30,"","",3261CL,Oud-Beijerland
Dokter Duyvendakhof,30,"","",3261CL,Oud-Beijerland
Dokter Duyvendakhof,32,"","",3261CL,Oud-Beijerland
Dokter Duyvendakhof,32,"","",3261CL,Oud-Beijerland
Dokter Duyvendakhof,34,"","",3261CL,Oud-Beijerland
Dokter Duyvendakhof,34,"","",3261CL,Oud-Beijerland
Dokter Duyvendakhof,36,"","",3261CL,Oud-Beijerland
Dokter Duyvendakhof,36,"","",3261CL,Oud-Beijerland
Dokter Duyvendakhof,38,"","",3261CL,Oud-Beijerland
Dokter Duyvendakhof,38,"","",3261CL,Oud-Beijerland
Dokter Duyvendakhof,4,"","",3261CL,Oud-Beijerland
Dokter Duyvendakhof,4,"","",3261CL,Oud-Beijerland
Dokter Duyvendakhof,40,"","",3261CL,Oud-Beijerland
Dokter Duyvendakhof,40,"","",3261CL,Oud-Beijerland
Dokter Duyvendakhof,42,"","",3261CL,Oud-Beijerland
Dokter Duyvendakhof,42,"","",3261CL,Oud-Beijerland
Dokter Duyvendakhof,5,"","",3261CL,Oud-Beijerland
Dokter Duyvendakhof,5,"","",3261CL,Oud-Beijerland
Dokter Duyvendakhof,6,"","",3261CL,Oud-Beijerland
Dokter Duyvendakhof,6,"","",3261CL,Oud-Beijerland
Dokter Duyvendakhof,7,"","",3261CL,Oud-Beijerland
Dokter Duyvendakhof,7,"","",3261CL,Oud-Beijerland
Dokter Duyvendakhof,8,"","",3261CL,Oud-Beijerland
Dokter Duyvendakhof,8,"","",3261CL,Oud-Beijerland
Dokter Duyvendakhof,9,"","",3261CL,Oud-Beijerland
Dokter Duyvendakhof,9,"","",3261CL,Oud-Beijerland
Violierengang,1,"","",3261CM,Oud-Beijerland
Violierengang,10,"","",3261CM,Oud-Beijerland
Violierengang,11,"","",3261CM,Oud-Beijerland
Violierengang,13,"","",3261CM,Oud-Beijerland
Violierengang,15,"","",3261CM,Oud-Beijerland
Violierengang,17,"","",3261CM,Oud-Beijerland
Violierengang,2,"","",3261CM,Oud-Beijerland
Violierengang,3,"","",3261CM,Oud-Beijerland
Violierengang,4,"","",3261CM,Oud-Beijerland
Violierengang,5,"","",3261CM,Oud-Beijerland
Violierengang,6,"","",3261CM,Oud-Beijerland
Violierengang,7,"","",3261CM,Oud-Beijerland
Violierengang,8,"","",3261CM,Oud-Beijerland
Violierengang,9,"","",3261CM,Oud-Beijerland
Lavendelplein,1,"","",3261EZ,Oud-Beijerland
Lavendelplein,10,"","",3261EZ,Oud-Beijerland
Lavendelplein,11,"","",3261EZ,Oud-Beijerland
Lavendelplein,12,"","",3261EZ,Oud-Beijerland
Lavendelplein,13,"","",3261EZ,Oud-Beijerland
Lavendelplein,14,"","",3261EZ,Oud-Beijerland
Lavendelplein,15,"","",3261EZ,Oud-Beijerland
Lavendelplein,16,"","",3261EZ,Oud-Beijerland
Lavendelplein,17,"","",3261EZ,Oud-Beijerland
Lavendelplein,18,"","",3261EZ,Oud-Beijerland
Lavendelplein,19,"","",3261EZ,Oud-Beijerland
Lavendelplein,2,"","",3261EZ,Oud-Beijerland
Lavendelplein,20,"","",3261EZ,Oud-Beijerland
Lavendelplein,21,"","",3261EZ,Oud-Beijerland
Lavendelplein,22,"","",3261EZ,Oud-Beijerland
Lavendelplein,23,"","",3261EZ,Oud-Beijerland
Lavendelplein,24,"","",3261EZ,Oud-Beijerland
Lavendelplein,25,"","",3261EZ,Oud-Beijerland
Lavendelplein,26,"","",3261EZ,Oud-Beijerland
Lavendelplein,27,"","",3261EZ,Oud-Beijerland
Lavendelplein,28,"","",3261EZ,Oud-Beijerland
Lavendelplein,29,"","",3261EZ,Oud-Beijerland
Lavendelplein,3,"","",3261EZ,Oud-Beijerland
Lavendelplein,30,"","",3261EZ,Oud-Beijerland
Lavendelplein,31,"","",3261EZ,Oud-Beijerland
Lavendelplein,32,"","",3261EZ,Oud-Beijerland
Lavendelplein,33,"","",3261EZ,Oud-Beijerland
Lavendelplein,34,"","",3261EZ,Oud-Beijerland
Lavendelplein,35,"","",3261EZ,Oud-Beijerland
Lavendelplein,36,"","",3261EZ,Oud-Beijerland
Lavendelplein,37,"","",3261EZ,Oud-Beijerland
Lavendelplein,38,"","",3261EZ,Oud-Beijerland
Lavendelplein,39,"","",3261EZ,Oud-Beijerland
Lavendelplein,4,"","",3261EZ,Oud-Beijerland
Lavendelplein,40,"","",3261EZ,Oud-Beijerland
Lavendelplein,41,"","",3261EZ,Oud-Beijerland
Lavendelplein,42,"","",3261EZ,Oud-Beijerland
Lavendelplein,43,"","",3261EZ,Oud-Beijerland
Lavendelplein,44,"","",3261EZ,Oud-Beijerland
Lavendelplein,45,"","",3261EZ,Oud-Beijerland
Lavendelplein,46,"","",3261EZ,Oud-Beijerland
Lavendelplein,47,"","",3261EZ,Oud-Beijerland
Lavendelplein,48,"","",3261EZ,Oud-Beijerland
Lavendelplein,49,"","",3261EZ,Oud-Beijerland
Lavendelplein,5,"","",3261EZ,Oud-Beijerland
Lavendelplein,50,"","",3261EZ,Oud-Beijerland
Lavendelplein,52,"","",3261EZ,Oud-Beijerland
Lavendelplein,6,"","",3261EZ,Oud-Beijerland
Lavendelplein,7,"","",3261EZ,Oud-Beijerland
Lavendelplein,8,"","",3261EZ,Oud-Beijerland
Lavendelplein,9,"","",3261EZ,Oud-Beijerland
Beneden Oostdijk,10,"","",3261KX,Oud-Beijerland
Beneden Oostdijk,12,"","",3261KX,Oud-Beijerland
Beneden Oostdijk,14,"","",3261KX,Oud-Beijerland
Beneden Oostdijk,18,"","",3261KX,Oud-Beijerland
Beneden Oostdijk,18,A,"",3261KX,Oud-Beijerland
Beneden Oostdijk,18,A,"",3261KX,Oud-Beijerland
Beneden Oostdijk,18,B,"",3261KX,Oud-Beijerland
Beneden Oostdijk,18,B,"",3261KX,Oud-Beijerland
Beneden Oostdijk,18,C,"",3261KX,Oud-Beijerland
Beneden Oostdijk,18,C,"",3261KX,Oud-Beijerland
Beneden Oostdijk,18,D,"",3261KX,Oud-Beijerland
Beneden Oostdijk,18,D,"",3261KX,Oud-Beijerland
Beneden Oostdijk,18,E,"",3261KX,Oud-Beijerland
Beneden Oostdijk,22,"","",3261KX,Oud-Beijerland
Beneden Oostdijk,22,"","",3261KX,Oud-Beijerland
Beneden Oostdijk,24,"","",3261KX,Oud-Beijerland
Beneden Oostdijk,24,"","",3261KX,Oud-Beijerland
Beneden Oostdijk,26,"","",3261KX,Oud-Beijerland
Beneden Oostdijk,28,"","",3261KX,Oud-Beijerland
Beneden Oostdijk,30,"","",3261KX,Oud-Beijerland
Beneden Oostdijk,32,"","",3261KX,Oud-Beijerland
Beneden Oostdijk,34,"","",3261KX,Oud-Beijerland
Beneden Oostdijk,34,"","",3261KX,Oud-Beijerland
Beneden Oostdijk,36,"","",3261KX,Oud-Beijerland
Beneden Oostdijk,36,"","",3261KX,Oud-Beijerland
Beneden Oostdijk,38,"","",3261KX,Oud-Beijerland
Beneden Oostdijk,38,"","",3261KX,Oud-Beijerland
Beneden Oostdijk,4,"","",3261KX,Oud-Beijerland
Beneden Oostdijk,40,"","",3261KX,Oud-Beijerland
Beneden Oostdijk,42,"","",3261KX,Oud-Beijerland
Beneden Oostdijk,48,"","",3261KX,Oud-Beijerland
Beneden Oostdijk,50,"","",3261KX,Oud-Beijerland
Beneden Oostdijk,58,"","",3261KX,Oud-Beijerland
Beneden Oostdijk,6,"","",3261KX,Oud-Beijerland
Beneden Oostdijk,60,"","",3261KX,Oud-Beijerland
Beneden Oostdijk,62,"","",3261KX,Oud-Beijerland
Beneden Oostdijk,62,A,"",3261KX,Oud-Beijerland
Beneden Oostdijk,64,"","",3261KX,Oud-Beijerland
Beneden Oostdijk,66,"","",3261KX,Oud-Beijerland
Beneden Oostdijk,68,"","",3261KX,Oud-Beijerland
Beneden Oostdijk,76,"","",3261KX,Oud-Beijerland
Beneden Oostdijk,78,"","",3261KX,Oud-Beijerland
Beneden Oostdijk,8,"","",3261KX,Oud-Beijerland
Acaciastraat,1,"","",3261RA,Oud-Beijerland
Acaciastraat,11,"","",3261RA,Oud-Beijerland
Acaciastraat,13,"","",3261RA,Oud-Beijerland
Acaciastraat,15,"","",3261RA,Oud-Beijerland
Acaciastraat,17,"","",3261RA,Oud-Beijerland
Acaciastraat,19,"","",3261RA,Oud-Beijerland
Acaciastraat,21,"","",3261RA,Oud-Beijerland
Acaciastraat,23,"","",3261RA,Oud-Beijerland
Acaciastraat,25,"","",3261RA,Oud-Beijerland
Acaciastraat,27,"","",3261RA,Oud-Beijerland
Acaciastraat,29,"","",3261RA,Oud-Beijerland
Acaciastraat,3,"","",3261RA,Oud-Beijerland
Acaciastraat,31,"","",3261RA,Oud-Beijerland
Acaciastraat,5,"","",3261RA,Oud-Beijerland
Acaciastraat,7,"","",3261RA,Oud-Beijerland
Acaciastraat,9,"","",3261RA,Oud-Beijerland
Acaciastraat,33,"","",3261RB,Oud-Beijerland
Acaciastraat,35,"","",3261RB,Oud-Beijerland
Acaciastraat,37,"","",3261RB,Oud-Beijerland
Acaciastraat,39,"","",3261RB,Oud-Beijerland
Acaciastraat,41,"","",3261RB,Oud-Beijerland
Acaciastraat,43,"","",3261RB,Oud-Beijerland
Acaciastraat,45,"","",3261RB,Oud-Beijerland
Acaciastraat,47,"","",3261RB,Oud-Beijerland
Acaciastraat,49,"","",3261RB,Oud-Beijerland
Acaciastraat,51,"","",3261RB,Oud-Beijerland
Acaciastraat,53,"","",3261RB,Oud-Beijerland
Acaciastraat,55,"","",3261RB,Oud-Beijerland
Acaciastraat,57,"","",3261RB,Oud-Beijerland
Acaciastraat,59,"","",3261RB,Oud-Beijerland
Acaciastraat,61,"","",3261RB,Oud-Beijerland
Acaciastraat,63,"","",3261RB,Oud-Beijerland
Acaciastraat,65,"","",3261RB,Oud-Beijerland
Acaciastraat,67,"","",3261RB,Oud-Beijerland
Acaciastraat,69,"","",3261RB,Oud-Beijerland
Acaciastraat,71,"","",3261RB,Oud-Beijerland
Acaciastraat,73,"","",3261RB,Oud-Beijerland
Acaciastraat,10,"","",3261RC,Oud-Beijerland
Acaciastraat,12,"","",3261RC,Oud-Beijerland
Acaciastraat,14,"","",3261RC,Oud-Beijerland
Acaciastraat,16,"","",3261RC,Oud-Beijerland
Acaciastraat,18,"","",3261RC,Oud-Beijerland
Acaciastraat,2,"","",3261RC,Oud-Beijerland
Acaciastraat,20,"","",3261RC,Oud-Beijerland
Acaciastraat,22,"","",3261RC,Oud-Beijerland
Acaciastraat,24,"","",3261RC,Oud-Beijerland
Acaciastraat,26,"","",3261RC,Oud-Beijerland
Acaciastraat,28,"","",3261RC,Oud-Beijerland
Acaciastraat,30,"","",3261RC,Oud-Beijerland
Acaciastraat,32,"","",3261RC,Oud-Beijerland
Acaciastraat,34,"","",3261RC,Oud-Beijerland
Acaciastraat,36,"","",3261RC,Oud-Beijerland
Acaciastraat,38,"","",3261RC,Oud-Beijerland
Acaciastraat,4,"","",3261RC,Oud-Beijerland
Acaciastraat,40,"","",3261RC,Oud-Beijerland
Acaciastraat,42,"","",3261RC,Oud-Beijerland
Acaciastraat,44,"","",3261RC,Oud-Beijerland
Acaciastraat,44,A,"",3261RC,Oud-Beijerland
Acaciastraat,44,B,"",3261RC,Oud-Beijerland
Acaciastraat,44,C,"",3261RC,Oud-Beijerland
Acaciastraat,44,D,"",3261RC,Oud-Beijerland
Acaciastraat,44,E,"",3261RC,Oud-Beijerland
Acaciastraat,44,F,"",3261RC,Oud-Beijerland
Acaciastraat,46,"","",3261RC,Oud-Beijerland
Acaciastraat,48,"","",3261RC,Oud-Beijerland
Acaciastraat,50,"","",3261RC,Oud-Beijerland
Acaciastraat,6,"","",3261RC,Oud-Beijerland
Acaciastraat,8,"","",3261RC,Oud-Beijerland
Croonenburgh,1,"","",3261RD,Oud-Beijerland
Croonenburgh,13,"","",3261RD,Oud-Beijerland
Croonenburgh,15,"","",3261RD,Oud-Beijerland
Croonenburgh,17,"","",3261RD,Oud-Beijerland
Croonenburgh,19,"","",3261RD,Oud-Beijerland
Croonenburgh,21,"","",3261RD,Oud-Beijerland
Croonenburgh,23,"","",3261RD,Oud-Beijerland
Croonenburgh,25,"","",3261RD,Oud-Beijerland
Croonenburgh,27,"","",3261RD,Oud-Beijerland
Croonenburgh,29,"","",3261RD,Oud-Beijerland
Croonenburgh,3,"","",3261RD,Oud-Beijerland
Croonenburgh,31,"","",3261RD,Oud-Beijerland
Croonenburgh,33,"","",3261RD,Oud-Beijerland
Croonenburgh,35,"","",3261RD,Oud-Beijerland
Croonenburgh,37,"","",3261RD,Oud-Beijerland
Croonenburgh,39,"","",3261RD,Oud-Beijerland
Croonenburgh,41,"","",3261RD,Oud-Beijerland
Croonenburgh,43,"","",3261RD,Oud-Beijerland
Croonenburgh,45,"","",3261RD,Oud-Beijerland
Croonenburgh,47,"","",3261RD,Oud-Beijerland
Croonenburgh,49,"","",3261RD,Oud-Beijerland
Croonenburgh,5,"","",3261RD,Oud-Beijerland
Croonenburgh,7,"","",3261RD,Oud-Beijerland
Croonenburgh,51,"","",3261RE,Oud-Beijerland
Croonenburgh,53,"","",3261RE,Oud-Beijerland
Croonenburgh,55,"","",3261RE,Oud-Beijerland
Croonenburgh,57,"","",3261RE,Oud-Beijerland
Croonenburgh,59,"","",3261RE,Oud-Beijerland
Croonenburgh,61,"","",3261RE,Oud-Beijerland
Croonenburgh,63,"","",3261RE,Oud-Beijerland
Croonenburgh,65,"","",3261RE,Oud-Beijerland
Croonenburgh,67,"","",3261RE,Oud-Beijerland
Croonenburgh,69,"","",3261RE,Oud-Beijerland
Croonenburgh,71,"","",3261RE,Oud-Beijerland
Croonenburgh,73,"","",3261RE,Oud-Beijerland
Croonenburgh,75,"","",3261RE,Oud-Beijerland
Croonenburgh,77,"","",3261RE,Oud-Beijerland
Croonenburgh,77,A,"",3261RE,Oud-Beijerland
Croonenburgh,79,"","",3261RE,Oud-Beijerland
Croonenburgh,81,"","",3261RE,Oud-Beijerland
Croonenburgh,83,"","",3261RE,Oud-Beijerland
Croonenburgh,85,"","",3261RE,Oud-Beijerland
Croonenburgh,87,"","",3261RE,Oud-Beijerland
Croonenburgh,89,"","",3261RE,Oud-Beijerland
Croonenburgh,91,"","",3261RE,Oud-Beijerland
Croonenburgh,91,A,"",3261RE,Oud-Beijerland
Croonenburgh,10,"","",3261RG,Oud-Beijerland
Croonenburgh,12,"","",3261RG,Oud-Beijerland
Croonenburgh,14,"","",3261RG,Oud-Beijerland
Croonenburgh,16,"","",3261RG,Oud-Beijerland
Croonenburgh,18,"","",3261RG,Oud-Beijerland
Croonenburgh,2,"","",3261RG,Oud-Beijerland
Croonenburgh,20,"","",3261RG,Oud-Beijerland
Croonenburgh,22,"","",3261RG,Oud-Beijerland
Croonenburgh,24,"","",3261RG,Oud-Beijerland
Croonenburgh,26,"","",3261RG,Oud-Beijerland
Croonenburgh,26,A,"",3261RG,Oud-Beijerland
Croonenburgh,28,"","",3261RG,Oud-Beijerland
Croonenburgh,28,"","",3261RG,Oud-Beijerland
Croonenburgh,28,A,"",3261RG,Oud-Beijerland
Croonenburgh,30,"","",3261RG,Oud-Beijerland
Croonenburgh,30,A,"",3261RG,Oud-Beijerland
Croonenburgh,32,"","",3261RG,Oud-Beijerland
Croonenburgh,34,"","",3261RG,Oud-Beijerland
Croonenburgh,34,A,"",3261RG,Oud-Beijerland
Croonenburgh,34,B,"",3261RG,Oud-Beijerland
Croonenburgh,36,"","",3261RG,Oud-Beijerland
Croonenburgh,38,"","",3261RG,Oud-Beijerland
Croonenburgh,4,"","",3261RG,Oud-Beijerland
Croonenburgh,40,"","",3261RG,Oud-Beijerland
Croonenburgh,42,"","",3261RG,Oud-Beijerland
Croonenburgh,6,"","",3261RG,Oud-Beijerland
Croonenburgh,8,"","",3261RG,Oud-Beijerland
Croonenburgh,100,"","",3261RH,Oud-Beijerland
Croonenburgh,102,"","",3261RH,Oud-Beijerland
Croonenburgh,104,"","",3261RH,Oud-Beijerland
Croonenburgh,44,"","",3261RH,Oud-Beijerland
Croonenburgh,46,"","",3261RH,Oud-Beijerland
Croonenburgh,48,"","",3261RH,Oud-Beijerland
Croonenburgh,50,"","",3261RH,Oud-Beijerland
Croonenburgh,52,"","",3261RH,Oud-Beijerland
Croonenburgh,54,"","",3261RH,Oud-Beijerland
Croonenburgh,56,"","",3261RH,Oud-Beijerland
Croonenburgh,58,"","",3261RH,Oud-Beijerland
Croonenburgh,60,"","",3261RH,Oud-Beijerland
Croonenburgh,62,"","",3261RH,Oud-Beijerland
Croonenburgh,64,"","",3261RH,Oud-Beijerland
Croonenburgh,66,"","",3261RH,Oud-Beijerland
Croonenburgh,68,"","",3261RH,Oud-Beijerland
Croonenburgh,70,"","",3261RH,Oud-Beijerland
Croonenburgh,72,"","",3261RH,Oud-Beijerland
Croonenburgh,74,"","",3261RH,Oud-Beijerland
Croonenburgh,76,"","",3261RH,Oud-Beijerland
Croonenburgh,78,"","",3261RH,Oud-Beijerland
Croonenburgh,80,"","",3261RH,Oud-Beijerland
Croonenburgh,82,"","",3261RH,Oud-Beijerland
Croonenburgh,84,"","",3261RH,Oud-Beijerland
Croonenburgh,86,"","",3261RH,Oud-Beijerland
Croonenburgh,88,"","",3261RH,Oud-Beijerland
Croonenburgh,90,"","",3261RH,Oud-Beijerland
Croonenburgh,92,"","",3261RH,Oud-Beijerland
Croonenburgh,94,"","",3261RH,Oud-Beijerland
Croonenburgh,96,"","",3261RH,Oud-Beijerland
Croonenburgh,98,"","",3261RH,Oud-Beijerland
Croonenburgh,106,"","",3261RJ,Oud-Beijerland
Croonenburgh,108,"","",3261RJ,Oud-Beijerland
Croonenburgh,110,"","",3261RJ,Oud-Beijerland
Croonenburgh,112,"","",3261RJ,Oud-Beijerland
Croonenburgh,114,"","",3261RJ,Oud-Beijerland
Croonenburgh,116,"","",3261RJ,Oud-Beijerland
Croonenburgh,118,"","",3261RJ,Oud-Beijerland
Croonenburgh,120,"","",3261RJ,Oud-Beijerland
Croonenburgh,122,"","",3261RJ,Oud-Beijerland
Croonenburgh,124,"","",3261RJ,Oud-Beijerland
Croonenburgh,126,"","",3261RJ,Oud-Beijerland
Croonenburgh,128,"","",3261RJ,Oud-Beijerland
Croonenburgh,130,"","",3261RJ,Oud-Beijerland
Croonenburgh,132,"","",3261RJ,Oud-Beijerland
Croonenburgh,134,"","",3261RJ,Oud-Beijerland
Croonenburgh,136,"","",3261RJ,Oud-Beijerland
Croonenburgh,138,"","",3261RJ,Oud-Beijerland
Croonenburgh,140,"","",3261RJ,Oud-Beijerland
Croonenburgh,142,"","",3261RJ,Oud-Beijerland
Croonenburgh,144,"","",3261RJ,Oud-Beijerland
Croonenburgh,146,"","",3261RJ,Oud-Beijerland
Croonenburgh,148,"","",3261RJ,Oud-Beijerland
Croonenburgh,150,"","",3261RJ,Oud-Beijerland
Croonenburgh,152,"","",3261RJ,Oud-Beijerland
Croonenburgh,154,"","",3261RJ,Oud-Beijerland
Croonenburgh,156,"","",3261RJ,Oud-Beijerland
Croonenburgh,158,"","",3261RJ,Oud-Beijerland
Croonenburgh,160,"","",3261RJ,Oud-Beijerland
Croonenburgh,162,"","",3261RJ,Oud-Beijerland
Croonenburgh,164,"","",3261RJ,Oud-Beijerland
Magnoliastraat,1,"","",3261RK,Oud-Beijerland
Magnoliastraat,10,"","",3261RK,Oud-Beijerland
Magnoliastraat,11,"","",3261RK,Oud-Beijerland
Magnoliastraat,12,"","",3261RK,Oud-Beijerland
Magnoliastraat,13,"","",3261RK,Oud-Beijerland
Magnoliastraat,14,"","",3261RK,Oud-Beijerland
Magnoliastraat,15,"","",3261RK,Oud-Beijerland
Magnoliastraat,17,"","",3261RK,Oud-Beijerland
Magnoliastraat,2,"","",3261RK,Oud-Beijerland
Magnoliastraat,3,"","",3261RK,Oud-Beijerland
Magnoliastraat,4,"","",3261RK,Oud-Beijerland
Magnoliastraat,5,"","",3261RK,Oud-Beijerland
Magnoliastraat,6,"","",3261RK,Oud-Beijerland
Magnoliastraat,7,"","",3261RK,Oud-Beijerland
Magnoliastraat,8,"","",3261RK,Oud-Beijerland
Magnoliastraat,9,"","",3261RK,Oud-Beijerland
Meidoornstraat,1,"","",3261RL,Oud-Beijerland
Meidoornstraat,10,"","",3261RL,Oud-Beijerland
Meidoornstraat,11,"","",3261RL,Oud-Beijerland
Meidoornstraat,12,"","",3261RL,Oud-Beijerland
Meidoornstraat,13,"","",3261RL,Oud-Beijerland
Meidoornstraat,14,"","",3261RL,Oud-Beijerland
Meidoornstraat,15,"","",3261RL,Oud-Beijerland
Meidoornstraat,16,"","",3261RL,Oud-Beijerland
Meidoornstraat,17,"","",3261RL,Oud-Beijerland
Meidoornstraat,18,"","",3261RL,Oud-Beijerland
Meidoornstraat,19,"","",3261RL,Oud-Beijerland
Meidoornstraat,2,"","",3261RL,Oud-Beijerland
Meidoornstraat,3,"","",3261RL,Oud-Beijerland
Meidoornstraat,4,"","",3261RL,Oud-Beijerland
Meidoornstraat,5,"","",3261RL,Oud-Beijerland
Meidoornstraat,6,"","",3261RL,Oud-Beijerland
Meidoornstraat,7,"","",3261RL,Oud-Beijerland
Meidoornstraat,8,"","",3261RL,Oud-Beijerland
Meidoornstraat,9,"","",3261RL,Oud-Beijerland
Tulpstraat,10,"","",3261RM,Oud-Beijerland
Tulpstraat,12,"","",3261RM,Oud-Beijerland
Tulpstraat,14,"","",3261RM,Oud-Beijerland
Tulpstraat,16,"","",3261RM,Oud-Beijerland
Tulpstraat,2,"","",3261RM,Oud-Beijerland
Tulpstraat,2,A,"",3261RM,Oud-Beijerland
Tulpstraat,2,B,"",3261RM,Oud-Beijerland
Tulpstraat,2,C,"",3261RM,Oud-Beijerland
Tulpstraat,2,D,"",3261RM,Oud-Beijerland
Tulpstraat,2,E,"",3261RM,Oud-Beijerland
Tulpstraat,2,F,"",3261RM,Oud-Beijerland
Tulpstraat,2,G,"",3261RM,Oud-Beijerland
Tulpstraat,2,H,"",3261RM,Oud-Beijerland
Tulpstraat,2,I,"",3261RM,Oud-Beijerland
Tulpstraat,2,J,"",3261RM,Oud-Beijerland
Tulpstraat,2,K,"",3261RM,Oud-Beijerland
Tulpstraat,2,L,"",3261RM,Oud-Beijerland
Tulpstraat,2,M,"",3261RM,Oud-Beijerland
Tulpstraat,2,N,"",3261RM,Oud-Beijerland
Tulpstraat,2,O,"",3261RM,Oud-Beijerland
Tulpstraat,2,P,"",3261RM,Oud-Beijerland
Tulpstraat,2,Q,"",3261RM,Oud-Beijerland
Tulpstraat,4,"","",3261RM,Oud-Beijerland
Tulpstraat,6,"","",3261RM,Oud-Beijerland
Tulpstraat,8,"","",3261RM,Oud-Beijerland
Anemoonstraat,1,"","",3261XA,Oud-Beijerland
Anemoonstraat,11,"","",3261XA,Oud-Beijerland
Anemoonstraat,13,"","",3261XA,Oud-Beijerland
Anemoonstraat,15,"","",3261XA,Oud-Beijerland
Anemoonstraat,17,"","",3261XA,Oud-Beijerland
Anemoonstraat,19,"","",3261XA,Oud-Beijerland
Anemoonstraat,21,"","",3261XA,Oud-Beijerland
Anemoonstraat,23,"","",3261XA,Oud-Beijerland
Anemoonstraat,25,"","",3261XA,Oud-Beijerland
Anemoonstraat,27,"","",3261XA,Oud-Beijerland
Anemoonstraat,29,"","",3261XA,Oud-Beijerland
Anemoonstraat,3,"","",3261XA,Oud-Beijerland
Anemoonstraat,31,"","",3261XA,Oud-Beijerland
Anemoonstraat,33,"","",3261XA,Oud-Beijerland
Anemoonstraat,35,"","",3261XA,Oud-Beijerland
Anemoonstraat,37,"","",3261XA,Oud-Beijerland
Anemoonstraat,39,"","",3261XA,Oud-Beijerland
Anemoonstraat,41,"","",3261XA,Oud-Beijerland
Anemoonstraat,43,"","",3261XA,Oud-Beijerland
Anemoonstraat,45,"","",3261XA,Oud-Beijerland
Anemoonstraat,47,"","",3261XA,Oud-Beijerland
Anemoonstraat,49,"","",3261XA,Oud-Beijerland
Anemoonstraat,5,"","",3261XA,Oud-Beijerland
Anemoonstraat,51,"","",3261XA,Oud-Beijerland
Anemoonstraat,53,"","",3261XA,Oud-Beijerland
Anemoonstraat,55,"","",3261XA,Oud-Beijerland
Anemoonstraat,57,"","",3261XA,Oud-Beijerland
Anemoonstraat,7,"","",3261XA,Oud-Beijerland
Anemoonstraat,9,"","",3261XA,Oud-Beijerland
Anemoonstraat,10,"","",3261XB,Oud-Beijerland
Anemoonstraat,12,"","",3261XB,Oud-Beijerland
Anemoonstraat,14,"","",3261XB,Oud-Beijerland
Anemoonstraat,16,"","",3261XB,Oud-Beijerland
Anemoonstraat,18,"","",3261XB,Oud-Beijerland
Anemoonstraat,2,"","",3261XB,Oud-Beijerland
Anemoonstraat,20,"","",3261XB,Oud-Beijerland
Anemoonstraat,22,"","",3261XB,Oud-Beijerland
Anemoonstraat,24,"","",3261XB,Oud-Beijerland
Anemoonstraat,26,"","",3261XB,Oud-Beijerland
Anemoonstraat,28,"","",3261XB,Oud-Beijerland
Anemoonstraat,30,"","",3261XB,Oud-Beijerland
Anemoonstraat,32,"","",3261XB,Oud-Beijerland
Anemoonstraat,34,"","",3261XB,Oud-Beijerland
Anemoonstraat,36,"","",3261XB,Oud-Beijerland
Anemoonstraat,38,"","",3261XB,Oud-Beijerland
Anemoonstraat,4,"","",3261XB,Oud-Beijerland
Anemoonstraat,40,"","",3261XB,Oud-Beijerland
Anemoonstraat,42,"","",3261XB,Oud-Beijerland
Anemoonstraat,44,"","",3261XB,Oud-Beijerland
Anemoonstraat,46,"","",3261XB,Oud-Beijerland
Anemoonstraat,48,"","",3261XB,Oud-Beijerland
Anemoonstraat,50,"","",3261XB,Oud-Beijerland
Anemoonstraat,52,"","",3261XB,Oud-Beijerland
Anemoonstraat,54,"","",3261XB,Oud-Beijerland
Anemoonstraat,56,"","",3261XB,Oud-Beijerland
Anemoonstraat,6,"","",3261XB,Oud-Beijerland
Anemoonstraat,8,"","",3261XB,Oud-Beijerland
Hazelaarstraat,1,"","",3261XC,Oud-Beijerland
Hazelaarstraat,10,"","",3261XC,Oud-Beijerland
Hazelaarstraat,11,"","",3261XC,Oud-Beijerland
Hazelaarstraat,12,"","",3261XC,Oud-Beijerland
Hazelaarstraat,13,"","",3261XC,Oud-Beijerland
Hazelaarstraat,14,"","",3261XC,Oud-Beijerland
Hazelaarstraat,15,"","",3261XC,Oud-Beijerland
Hazelaarstraat,16,"","",3261XC,Oud-Beijerland
Hazelaarstraat,16,A,"",3261XC,Oud-Beijerland
Hazelaarstraat,17,"","",3261XC,Oud-Beijerland
Hazelaarstraat,19,"","",3261XC,Oud-Beijerland
Hazelaarstraat,2,"","",3261XC,Oud-Beijerland
Hazelaarstraat,2,A,"",3261XC,Oud-Beijerland
Hazelaarstraat,21,"","",3261XC,Oud-Beijerland
Hazelaarstraat,23,"","",3261XC,Oud-Beijerland
Hazelaarstraat,25,"","",3261XC,Oud-Beijerland
Hazelaarstraat,27,"","",3261XC,Oud-Beijerland
Hazelaarstraat,29,"","",3261XC,Oud-Beijerland
Hazelaarstraat,3,"","",3261XC,Oud-Beijerland
Hazelaarstraat,31,"","",3261XC,Oud-Beijerland
Hazelaarstraat,33,"","",3261XC,Oud-Beijerland
Hazelaarstraat,35,"","",3261XC,Oud-Beijerland
Hazelaarstraat,4,"","",3261XC,Oud-Beijerland
Hazelaarstraat,5,"","",3261XC,Oud-Beijerland
Hazelaarstraat,6,"","",3261XC,Oud-Beijerland
Hazelaarstraat,7,"","",3261XC,Oud-Beijerland
Hazelaarstraat,8,"","",3261XC,Oud-Beijerland
Hazelaarstraat,9,"","",3261XC,Oud-Beijerland
Hyacinthstraat,1,"","",3261XD,Oud-Beijerland
Hyacinthstraat,10,"","",3261XD,Oud-Beijerland
Hyacinthstraat,11,"","",3261XD,Oud-Beijerland
Hyacinthstraat,12,"","",3261XD,Oud-Beijerland
Hyacinthstraat,13,"","",3261XD,Oud-Beijerland
Hyacinthstraat,14,"","",3261XD,Oud-Beijerland
Hyacinthstraat,15,"","",3261XD,Oud-Beijerland
Hyacinthstraat,16,"","",3261XD,Oud-Beijerland
Hyacinthstraat,18,"","",3261XD,Oud-Beijerland
Hyacinthstraat,2,"","",3261XD,Oud-Beijerland
Hyacinthstraat,20,"","",3261XD,Oud-Beijerland
Hyacinthstraat,22,"","",3261XD,Oud-Beijerland
Hyacinthstraat,24,"","",3261XD,Oud-Beijerland
Hyacinthstraat,26,"","",3261XD,Oud-Beijerland
Hyacinthstraat,28,"","",3261XD,Oud-Beijerland
Hyacinthstraat,3,"","",3261XD,Oud-Beijerland
Hyacinthstraat,30,"","",3261XD,Oud-Beijerland
Hyacinthstraat,32,"","",3261XD,Oud-Beijerland
Hyacinthstraat,34,"","",3261XD,Oud-Beijerland
Hyacinthstraat,36,"","",3261XD,Oud-Beijerland
Hyacinthstraat,38,"","",3261XD,Oud-Beijerland
Hyacinthstraat,4,"","",3261XD,Oud-Beijerland
Hyacinthstraat,5,"","",3261XD,Oud-Beijerland
Hyacinthstraat,6,"","",3261XD,Oud-Beijerland
Hyacinthstraat,7,"","",3261XD,Oud-Beijerland
Hyacinthstraat,8,"","",3261XD,Oud-Beijerland
Hyacinthstraat,9,"","",3261XD,Oud-Beijerland
Larixplantsoen,1,"","",3261XE,Oud-Beijerland
Larixplantsoen,11,"","",3261XE,Oud-Beijerland
Larixplantsoen,13,"","",3261XE,Oud-Beijerland
Larixplantsoen,15,"","",3261XE,Oud-Beijerland
Larixplantsoen,17,"","",3261XE,Oud-Beijerland
Larixplantsoen,19,"","",3261XE,Oud-Beijerland
Larixplantsoen,21,"","",3261XE,Oud-Beijerland
Larixplantsoen,23,"","",3261XE,Oud-Beijerland
Larixplantsoen,25,"","",3261XE,Oud-Beijerland
Larixplantsoen,27,"","",3261XE,Oud-Beijerland
Larixplantsoen,29,"","",3261XE,Oud-Beijerland
Larixplantsoen,3,"","",3261XE,Oud-Beijerland
Larixplantsoen,31,"","",3261XE,Oud-Beijerland
Larixplantsoen,5,"","",3261XE,Oud-Beijerland
Larixplantsoen,7,"","",3261XE,Oud-Beijerland
Larixplantsoen,9,"","",3261XE,Oud-Beijerland
Seringenstraat,1,"","",3261XG,Oud-Beijerland
Seringenstraat,11,"","",3261XG,Oud-Beijerland
Seringenstraat,13,"","",3261XG,Oud-Beijerland
Seringenstraat,15,"","",3261XG,Oud-Beijerland
Seringenstraat,17,"","",3261XG,Oud-Beijerland
Seringenstraat,19,"","",3261XG,Oud-Beijerland
Seringenstraat,21,"","",3261XG,Oud-Beijerland
Seringenstraat,23,"","",3261XG,Oud-Beijerland
Seringenstraat,25,"","",3261XG,Oud-Beijerland
Seringenstraat,27,"","",3261XG,Oud-Beijerland
Seringenstraat,29,"","",3261XG,Oud-Beijerland
Seringenstraat,3,"","",3261XG,Oud-Beijerland
Seringenstraat,31,"","",3261XG,Oud-Beijerland
Seringenstraat,33,"","",3261XG,Oud-Beijerland
Seringenstraat,35,"","",3261XG,Oud-Beijerland
Seringenstraat,37,"","",3261XG,Oud-Beijerland
Seringenstraat,39,"","",3261XG,Oud-Beijerland
Seringenstraat,41,"","",3261XG,Oud-Beijerland
Seringenstraat,43,"","",3261XG,Oud-Beijerland
Seringenstraat,45,"","",3261XG,Oud-Beijerland
Seringenstraat,47,"","",3261XG,Oud-Beijerland
Seringenstraat,49,"","",3261XG,Oud-Beijerland
Seringenstraat,5,"","",3261XG,Oud-Beijerland
Seringenstraat,51,"","",3261XG,Oud-Beijerland
Seringenstraat,53,"","",3261XG,Oud-Beijerland
Seringenstraat,55,"","",3261XG,Oud-Beijerland
Seringenstraat,7,"","",3261XG,Oud-Beijerland
Seringenstraat,9,"","",3261XG,Oud-Beijerland
Seringenstraat,10,"","",3261XH,Oud-Beijerland
Seringenstraat,12,"","",3261XH,Oud-Beijerland
Seringenstraat,14,"","",3261XH,Oud-Beijerland
Seringenstraat,16,"","",3261XH,Oud-Beijerland
Seringenstraat,18,"","",3261XH,Oud-Beijerland
Seringenstraat,2,"","",3261XH,Oud-Beijerland
Seringenstraat,20,"","",3261XH,Oud-Beijerland
Seringenstraat,22,"","",3261XH,Oud-Beijerland
Seringenstraat,24,"","",3261XH,Oud-Beijerland
Seringenstraat,26,"","",3261XH,Oud-Beijerland
Seringenstraat,28,"","",3261XH,Oud-Beijerland
Seringenstraat,30,"","",3261XH,Oud-Beijerland
Seringenstraat,32,"","",3261XH,Oud-Beijerland
Seringenstraat,34,"","",3261XH,Oud-Beijerland
Seringenstraat,36,"","",3261XH,Oud-Beijerland
Seringenstraat,38,"","",3261XH,Oud-Beijerland
Seringenstraat,4,"","",3261XH,Oud-Beijerland
Seringenstraat,40,"","",3261XH,Oud-Beijerland
Seringenstraat,42,"","",3261XH,Oud-Beijerland
Seringenstraat,44,"","",3261XH,Oud-Beijerland
Seringenstraat,46,"","",3261XH,Oud-Beijerland
Seringenstraat,48,"","",3261XH,Oud-Beijerland
Seringenstraat,50,"","",3261XH,Oud-Beijerland
Seringenstraat,52,"","",3261XH,Oud-Beijerland
Seringenstraat,52,A,"",3261XH,Oud-Beijerland
Seringenstraat,52,B,"",3261XH,Oud-Beijerland
Seringenstraat,52,C,"",3261XH,Oud-Beijerland
Seringenstraat,52,D,"",3261XH,Oud-Beijerland
Seringenstraat,52,E,"",3261XH,Oud-Beijerland
Seringenstraat,52,F,"",3261XH,Oud-Beijerland
Seringenstraat,52,G,"",3261XH,Oud-Beijerland
Seringenstraat,52,H,"",3261XH,Oud-Beijerland
Seringenstraat,52,I,"",3261XH,Oud-Beijerland
Seringenstraat,52,J,"",3261XH,Oud-Beijerland
Seringenstraat,52,K,"",3261XH,Oud-Beijerland
Seringenstraat,52,L,"",3261XH,Oud-Beijerland
Seringenstraat,6,"","",3261XH,Oud-Beijerland
Seringenstraat,8,"","",3261XH,Oud-Beijerland
